0 0.374609375 0.6164166666666666 0.0109375 0.03802083333333333
0 0.491609375 0.6130208333333333 0.008984375 0.042708333333333334
0 0.50059375 0.6143333333333333 0.008203125 0.0390625
0 0.323828125 0.7325625 0.01328125 0.033854166666666664
0 0.339265625 0.7346458333333333 0.016796875 0.04010416666666667
0 0.35762499999999997 0.7356874999999999 0.019140625 0.034895833333333334
0 0.28515625 0.7898541666666666 0.01484375 0.05364583333333333
0 0.36348437499999997 0.7994791666666666 0.016015625 0.04583333333333333
0 0.37871875 0.8018333333333333 0.016015625 0.04114583333333333
0 0.14765625 0.9088541666666666 0.01640625 0.04375
0 0.16484375 0.9049583333333333 0.01484375 0.04635416666666667
0 0.184375 0.9075624999999999 0.01796875 0.044270833333333336
0 0.920515625 0.7661458333333333 0.020703125 0.03958333333333333