0 0.146140625 0.8786666666666666 0.018375 0.07597916666666667
0 0.12959375 0.8746875000000001 0.015625 0.07291666666666667
0 0.071921875 0.8581458333333334 0.0206875 0.06310416666666667
0 0.048484375 0.8664166666666666 0.017921875 0.07597916666666667
0 0.067328125 0.9037916666666667 0.0234375 0.07475000000000001
0 0.0859375 0.9534374999999999 0.019296874999999998 0.025729166666666668
0 0.062734375 0.9613958333333333 0.010562499999999999 0.011020833333333334
0 0.14521875 0.962 0.0064375000000000005 0.011020833333333334
0 0.161765625 0.9537291666666667 0.012875000000000001 0.027583333333333335
0 0.18267187499999998 0.9604791666666667 0.008734374999999999 0.014083333333333333
0 0.156015625 0.6991458333333332 0.014249999999999999 0.05025
0 0.241734375 0.7086458333333333 0.016546875 0.058208333333333334
0 0.2591875 0.7101666666666666 0.011953125 0.05025
0 0.274125 0.7166041666666667 0.010562499999999999 0.03983333333333334
0 0.392 0.5854791666666667 0.01103125 0.036145833333333335
0 0.48529687499999996 0.8609166666666667 0.019296874999999998 0.06127083333333334
0 0.546640625 0.8082083333333333 0.0206875 0.06495833333333333
0 0.706796875 0.643375 0.011953125 0.03308333333333333
0 0.7245 0.6455208333333334 0.006890625 0.03125
0 0.7336875 0.6519583333333333 0.00965625 0.0404375
0 0.796875 0.6605416666666667 0.01103125 0.025729166666666668
0 0.8067500000000001 0.6602291666666668 0.0078125 0.02022916666666667
0 0.8184687500000001 0.6632916666666666 0.01103125 0.021437499999999998
0 0.8235312499999999 0.628375 0.005515625 0.025125
0 0.8327187500000001 0.6305208333333333 0.011953125 0.019604166666666666
0 0.9225625000000001 0.6887291666666666 0.011484375 0.05883333333333333
0 0.93359375 0.6887291666666666 0.013328125 0.05391666666666666
0 0.966 0.7322291666666667 0.01103125 0.0526875
0 0.9747187500000001 0.7365208333333333 0.0091875 0.0465625
0 0.9795468749999999 0.7607291666666666 0.010562499999999999 0.042270833333333334