0 0.12134375 0.717125 0.0131875 0.04622916666666667
0 0.138421875 0.7229791666666666 0.012203124999999999 0.042312499999999996
0 0.035640624999999995 0.8375625 0.020515625000000003 0.06054166666666667
0 0.319578125 0.6168541666666666 0.011234375000000001 0.042312499999999996
0 0.331296875 0.6204375 0.010249999999999999 0.03777083333333333
0 0.34375 0.6243541666666667 0.012703125000000001 0.035166666666666666
0 0.359125 0.6253333333333334 0.0073281250000000004 0.03710416666666667
0 0.352546875 0.6204375 0.008796875 0.050791666666666666
0 0.46314062500000003 0.6165416666666667 0.012203124999999999 0.0390625
0 0.392578125 0.5908125 0.01075 0.03320833333333333
0 0.378171875 0.6103541666666668 0.0073281250000000004 0.029291666666666667
0 0.40454687500000003 0.598625 0.009281250000000001 0.03189583333333333