0 0.3933125 0.5794374999999999 0.010249999999999999 0.0481875
0 0.37915625 0.5885416666666666 0.0073281250000000004 0.036458333333333336
0 0.37109375 0.5895208333333334 0.0078125 0.03320833333333333
0 0.542 0.5878958333333333 0.01075 0.03777083333333333
0 0.037843749999999995 0.8447291666666668 0.025875 0.06054166666666667
0 0.30884375 0.8613333333333333 0.010249999999999999 0.0546875
0 0.3149375 0.8545 0.01075 0.06445833333333334
0 0.327390625 0.8691458333333333 0.012203124999999999 0.07291666666666667
0 0.3569375 0.8603541666666668 0.014656250000000001 0.059250000000000004
0 0.3566875 0.9098333333333334 0.01415625 0.06835416666666667
0 0.375984375 0.9381458333333333 0.013671875 0.05339583333333333
0 0.314453125 0.925125 0.016609375000000003 0.0703125
0 0.27759375 0.956375 0.016109375000000002 0.01954166666666667