0 0.41704687500000004 0.6035625 0.011484375 0.029416666666666664
0 0.45703125 0.6011041666666667 0.014249999999999999 0.028187499999999997
0 0.354546875 0.6424583333333334 0.01240625 0.037375000000000005
0 0.343296875 0.6430833333333333 0.010109375 0.03370833333333333
0 0.295265625 0.6917916666666667 0.016078125 0.05391666666666666
0 0.329046875 0.6930208333333333 0.017468749999999998 0.051479166666666666
0 0.36121875000000003 0.796875 0.015625 0.06310416666666667
0 0.377984375 0.7990208333333333 0.014249999999999999 0.04902083333333333
0 0.366734375 0.7791041666666667 0.017468749999999998 0.06433333333333333
0 0.390390625 0.7959583333333333 0.011484375 0.05883333333333333
0 0.40326562499999996 0.8305833333333333 0.021593750000000002 0.05575
0 0.617640625 0.7981041666666666 0.0220625 0.06679166666666667
0 0.49310937499999996 0.6887291666666666 0.01378125 0.041666666666666664
0 0.56640625 0.7046666666666667 0.014249999999999999 0.06372916666666667
0 0.5845625 0.7040416666666667 0.017468749999999998 0.057604166666666665
0 0.512875 0.6102916666666667 0.01378125 0.03920833333333333
0 0.70634375 0.7046666666666667 0.011953125 0.05391666666666666
0 0.7242656249999999 0.8584583333333333 0.0248125 0.06862499999999999
0 0.71346875 0.9175833333333333 0.026187500000000002 0.0533125
0 0.69140625 0.9126875 0.015171875000000001 0.037375000000000005
0 0.6656718749999999 0.9178958333333332 0.021593750000000002 0.04533333333333334
0 0.648671875 0.9203333333333333 0.015171875000000001 0.0465625
0 0.6314375 0.9261666666666667 0.019296874999999998 0.05454166666666667
0 0.8037656249999999 0.8771458333333333 0.014703125000000001 0.06310416666666667
0 0.81640625 0.8759166666666667 0.017 0.06802083333333334
0 0.9188906250000001 0.8841875 0.022515625 0.05883333333333333
0 0.35615625 0.9571041666666668 0.016546875 0.019604166666666666
0 0.374078125 0.9555833333333333 0.02021875 0.021437499999999998
0 0.24310937500000002 0.9310625 0.017468749999999998 0.04472916666666667
0 0.225875 0.9328958333333334 0.016078125 0.052083333333333336