0 0.290875 0.6136041666666666 0.012718750000000001 0.0411875
0 0.365921875 0.6383333333333333 0.012359375 0.05183333333333333
0 0.375 0.6468125 0.008 0.036812500000000005
0 0.38171875 0.6300833333333333 0.009078125 0.052812500000000005
0 0.3928125 0.6346875 0.0138125 0.052333333333333336
0 0.40443749999999995 0.62475 0.0138125 0.049895833333333334
0 0.46693749999999995 0.6392916666666667 0.016718749999999998 0.0295625
0 0.279796875 0.664 0.012359375 0.044083333333333335
0 0.267984375 0.6644791666666666 0.011984375 0.0411875
0 0.267078125 0.6065833333333334 0.00871875 0.02325
0 0.390078125 0.8568333333333332 0.015625 0.06929166666666667
0 0.44604687500000006 0.8863958333333334 0.019265625 0.07122916666666666
0 0.43259375 0.8432708333333333 0.011265625 0.057645833333333334
0 0.44640625 0.8425416666666667 0.015625 0.050395833333333334
0 0.47056250000000005 0.8619166666666668 0.0174375 0.04652083333333333
0 0.49309375 0.8558541666666667 0.013078125 0.06541666666666666
0 0.48146875 0.8490833333333333 0.012359375 0.0644375
0 0.559046875 0.9370208333333333 0.017812500000000002 0.042645833333333334
0 0.5779375 0.9413750000000001 0.015625 0.041666666666666664
0 0.16896875 0.9096458333333334 0.02034375 0.043125