0 0.569796875 0.6388958333333333 0.01875 0.029166666666666667
0 0.363015625 0.7357708333333334 0.016671875 0.04375
0 0.3484375 0.7336875 0.0125 0.042354166666666665
0 0.22734375 0.7291666666666666 0.015109375 0.0375
0 0.3640625 0.8048541666666666 0.013546875 0.043062500000000004
0 0.37370312499999997 0.8069375 0.013015625 0.043062500000000004
0 0.48046875 0.8246458333333333 0.024484375 0.045145833333333336
0 0.605734375 0.8138958333333334 0.021875 0.058333333333333334
0 0.636984375 0.8173541666666666 0.019796875 0.06110416666666666
0 0.834375 0.7163125 0.023953125 0.03125
0 0.93671875 0.6993125 0.0171875 0.03472916666666667
0 0.9130156250000001 0.7618125 0.014578125 0.036104166666666666
0 0.908328125 0.9267291666666666 0.016671875 0.06458333333333334
0 0.871609375 0.8840208333333333 0.018234375 0.04027083333333333
0 0.9020781250000001 0.878125 0.01875 0.03402083333333333
0 0.925265625 0.8847291666666667 0.028640624999999996 0.05972916666666667
0 0.936984375 0.8673541666666666 0.014578125 0.036104166666666666
0 0.6583281249999999 0.9430625 0.021875 0.0444375
0 0.186984375 0.9138958333333334 0.017703125 0.0375
0 0.165109375 0.9097291666666667 0.021875 0.05
0 0.1453125 0.9104166666666667 0.017703125 0.04722916666666667