0 0.38196875 0.6447083333333333 0.013093750000000001 0.025895833333333333
0 0.393578125 0.6424583333333334 0.010140625 0.03491666666666667
0 0.4035 0.6413333333333333 0.010562499999999999 0.033791666666666664
0 0.438765625 0.68525 0.014359374999999999 0.04729166666666666
0 0.454390625 0.6785 0.014359374999999999 0.055187499999999994
0 0.2745 0.7677291666666667 0.016890625 0.0535
0 0.32053125 0.8322083333333333 0.021953125 0.07545833333333334
0 0.3448125 0.8302291666666667 0.019 0.065875
0 0.32559375 0.8375625 0.021109375 0.06925
0 0.40223437500000003 0.9406041666666667 0.024078125 0.0535
0 0.571796875 0.8803541666666667 0.017734375 0.06475
0 0.595234375 0.8879583333333334 0.0173125 0.0709375
0 0.60071875 0.8583958333333332 0.019 0.07037500000000001
0 0.8543125 0.9099166666666666 0.016890625 0.0540625
0 0.866765625 0.9349583333333332 0.016468749999999997 0.0625
0 0.897375 0.934125 0.017734375 0.0664375
0 0.9187031250000001 0.9037083333333332 0.0173125 0.08783333333333333
0 0.9822656249999999 0.7607083333333333 0.019421874999999998 0.04616666666666667
0 0.8171406250000001 0.6624375 0.011828125 0.03997916666666667
0 0.8015156250000001 0.6601874999999999 0.016046875 0.03210416666666667
0 0.822640625 0.6295000000000001 0.007593750000000001 0.029270833333333336
0 0.8327656250000001 0.630625 0.012671874999999999 0.029270833333333336