0 0.36929687499999997 0.5906458333333333 0.01140625 0.03941666666666667
0 0.39253125 0.58475 0.014781250000000001 0.03885416666666666
0 0.303 0.7159375 0.015625 0.04785416666666666
0 0.27934375 0.7080416666666667 0.016468749999999997 0.056875
0 0.21368749999999997 0.7671666666666667 0.016890625 0.043354166666666666
0 0.19637500000000002 0.7632291666666667 0.014359374999999999 0.03660416666666667
0 0.17990625 0.7629583333333334 0.016046875 0.04616666666666667
0 0.32475 0.8093958333333333 0.019421874999999998 0.060250000000000005
0 0.3175625 0.8040625 0.03546875 0.029270833333333336
0 0.48395312500000004 0.7916666666666666 0.021109375 0.04616666666666667
0 0.63809375 0.9422916666666666 0.0245 0.054625
0 0.616125 0.9501666666666666 0.016890625 0.035479166666666666
0 0.601140625 0.9588958333333333 0.013093750000000001 0.014645833333333334
0 0.944671875 0.7691458333333333 0.012671874999999999 0.033791666666666664
0 0.9564999999999999 0.7705416666666667 0.010140625 0.034354166666666665