0 0.343515625 0.6262291666666666 0.014249999999999999 0.0404375
0 0.178078125 0.6697291666666667 0.01240625 0.0465625
0 0.3685625 0.8042291666666667 0.022984375 0.0471875
0 0.2904375 0.9387291666666666 0.021140625 0.04902083333333333
0 0.187046875 0.913 0.015625 0.0526875
0 0.165671875 0.9126875 0.01884375 0.058208333333333334
0 0.9751875 0.9041041666666667 0.017468749999999998 0.037375000000000005
0 0.992421875 0.8992083333333334 0.013328125 0.036145833333333335
0 0.7948125 0.6669791666666666 0.013328125 0.036145833333333335
0 0.8062968749999999 0.6672708333333334 0.01240625 0.030645833333333334
0 0.8168593749999999 0.662375 0.010562499999999999 0.0465625
0 0.8288125000000001 0.6608541666666666 0.01240625 0.037375000000000005
0 0.8405312500000001 0.6672708333333334 0.011953125 0.0465625