0 0.194015625 0.6899375 0.016140625 0.045145833333333336
0 0.2203125 0.6972291666666667 0.015625 0.051395833333333335
0 0.246359375 0.7017291666666666 0.016671875 0.05347916666666667
0 0.327859375 0.703125 0.021359375 0.057645833333333334
0 0.46145312499999996 0.7006875 0.016671875 0.05416666666666667
0 0.38203125 0.6066041666666667 0.013015625 0.035416666666666666
0 0.490625 0.7027708333333333 0.010421875 0.0375
0 0.5057343750000001 0.7003541666666667 0.014578125 0.0493125
0 0.522921875 0.7058958333333333 0.014578125 0.06041666666666667
0 0.5421875 0.7003541666666667 0.01875 0.06735416666666666
0 0.554953125 0.6756875 0.0140625 0.0555625
0 0.56953125 0.7055625 0.0140625 0.05972916666666667
0 0.58046875 0.7427083333333333 0.0140625 0.05902083333333333
0 0.583078125 0.7079791666666666 0.0109375 0.04791666666666667
0 0.5953125 0.7055625 0.014578125 0.051395833333333335
0 0.60234375 0.6979166666666666 0.009890625 0.048604166666666664
0 0.614328125 0.6941041666666667 0.006765625 0.045145833333333336
0 0.622390625 0.7 0.0125 0.05
0 0.63125 0.70625 0.0125 0.04722916666666667
0 0.644265625 0.715625 0.008328125 0.05902083333333333
0 0.65546875 0.7135416666666666 0.011984375 0.05485416666666666
0 0.8557343749999999 0.9545208333333334 0.016671875 0.021520833333333333
0 0.82890625 0.959375 0.0140625 0.0131875