0 0.383734375 0.5793541666666666 0.012875000000000001 0.03983333333333334
0 0.370171875 0.6155 0.010562499999999999 0.0410625
0 0.355234375 0.6139791666666666 0.012875000000000001 0.0404375
0 0.339609375 0.612125 0.011953125 0.05025
0 0.328125 0.6102916666666667 0.0091875 0.0465625
0 0.39315625 0.7043541666666666 0.01240625 0.0533125
0 0.41039062499999995 0.7046666666666667 0.016546875 0.0526875
0 0.46967187499999996 0.8544791666666666 0.018375 0.06802083333333334
0 0.517 0.8517083333333333 0.019296874999999998 0.0625
0 0.039984375 0.841 0.022984375 0.06066666666666667
0 0.73153125 0.9592708333333333 0.011359375 0.017041666666666667
0 0.75496875 0.9564374999999999 0.0213125 0.02272916666666667