0 0.171046875 0.69025 0.00821875 0.058104166666666665
0 0.1640625 0.6891458333333333 0.013984374999999999 0.058104166666666665
0 0.390046875 0.7067708333333333 0.015234375 0.03958333333333333
0 0.390234375 0.652875 0.01171875 0.03802083333333333
0 0.42559375 0.6544375 0.010546875 0.043229166666666666
0 0.445703125 0.6578125 0.01015625 0.04375
0 0.46484375 0.6864583333333333 0.01484375 0.03958333333333333
0 0.501171875 0.6588541666666666 0.01171875 0.040625
0 0.52109375 0.6606875 0.01171875 0.04010416666666667
0 0.470515625 0.6203125 0.010546875 0.029166666666666667
0 0.446296875 0.6109375 0.011328125 0.03229166666666667
0 0.523640625 0.606 0.012890625 0.0390625
0 0.61796875 0.7987083333333334 0.015625 0.0390625
0 0.63828125 0.796875 0.015625 0.036458333333333336
0 0.7171875 0.8135416666666667 0.0140625 0.053125
0 0.7703125 0.8385416666666666 0.0140625 0.06458333333333334
0 0.804890625 0.8351666666666666 0.019140625 0.0515625
0 0.788484375 0.81875 0.016015625 0.057291666666666664
0 0.77559375 0.89375 0.019921875 0.06666666666666667
0 0.75625 0.9411458333333333 0.0171875 0.05
0 0.800390625 0.9424583333333333 0.015625 0.04739583333333333
0 0.93984375 0.9526041666666667 0.015625 0.027083333333333334