0 0.2421875 0.6162291666666667 0.010687499999999999 0.041666666666666664
0 0.22875 0.6138541666666666 0.0098125 0.036812500000000005
0 0.5296093749999999 0.6574583333333333 0.01053125 0.04747916666666666
0 0.54215625 0.6632708333333334 0.010906250000000001 0.0406875
0 0.5407031250000001 0.7170625 0.010171875 0.05620833333333333
0 0.550875 0.715125 0.011625 0.051354166666666666
0 0.56340625 0.719 0.012718750000000001 0.05716666666666667
0 0.58084375 0.7277083333333334 0.014171875 0.04554166666666667
0 0.618640625 0.8013541666666666 0.015625 0.0406875
0 0.6388125 0.7977291666666667 0.016718749999999998 0.04020833333333333
0 0.8635468749999999 0.8534375 0.015625 0.074125
0 0.9129687499999999 0.9457291666666666 0.019265625 0.041666666666666664