0 0.2546875 0.6359375 0.01328125 0.041666666666666664
0 0.275984375 0.6226666666666667 0.008203125 0.028645833333333332
0 0.297859375 0.6010416666666667 0.008984375 0.022916666666666665
0 0.286140625 0.6005208333333333 0.008203125 0.025
0 0.51796875 0.628125 0.01171875 0.04375
0 0.532421875 0.6244791666666667 0.0125 0.046875
0 0.657234375 0.5911458333333334 0.009765625 0.020833333333333332
0 0.667578125 0.6143333333333333 0.01015625 0.034895833333333334
0 0.64609375 0.5864583333333333 0.01015625 0.028125
0 0.883015625 0.675 0.012890625 0.028125
0 0.768359375 0.9541666666666667 0.02265625 0.025
0 0.8147968750000001 0.9393333333333334 0.0248125 0.042895833333333334
0 0.52940625 0.5790416666666667 0.018375 0.0404375