0 0.38296874999999997 0.6394583333333334 0.0095625 0.050166666666666665
0 0.403703125 0.6281874999999999 0.008296874999999999 0.0471875
0 0.41215624999999995 0.6267083333333333 0.010515625 0.051875
0 0.42012499999999997 0.6283958333333334 0.010515625 0.0493125
0 0.508609375 0.6534791666666667 0.012750000000000001 0.028916666666666667
0 0.580828125 0.6430625 0.013078125 0.029333333333333333
0 0.59503125 0.6458333333333334 0.010843750000000001 0.028916666666666667
0 0.79384375 0.6673125 0.0073281250000000004 0.03272916666666667
0 0.800546875 0.672625 0.008609374999999999 0.0238125
0 0.821109375 0.6673125 0.010203125 0.042083333333333334
0 0.813453125 0.6666666666666666 0.007015625 0.029770833333333333
0 0.6017187500000001 0.9583333333333334 0.0095625 0.0153125
0 0.47784375 0.9351666666666667 0.020734375 0.04633333333333333
0 0.455359375 0.9323958333333333 0.022328124999999997 0.051875
0 0.294171875 0.9366458333333333 0.0188125 0.04847916666666666
0 0.2763125 0.9372916666666666 0.014984375 0.04889583333333333
0 0.16740625 0.9177291666666666 0.02040625 0.05314583333333334
0 0.043375000000000004 0.9323958333333333 0.02040625 0.04591666666666667
0 0.100765625 0.7980416666666666 0.022328124999999997 0.041666666666666664
0 0.16023437499999998 0.8125 0.0188125 0.06291666666666666
0 0.198015625 0.8059166666666666 0.0185 0.059958333333333336
0 0.14253125 0.7570208333333334 0.0159375 0.03529166666666667
0 0.156734375 0.7555208333333333 0.01115625 0.041666666666666664
0 0.293203125 0.7699791666666667 0.013078125 0.03995833333333333
0 0.306125 0.7704166666666666 0.012125 0.029770833333333333
0 0.20646874999999998 0.6813333333333333 0.010515625 0.028479166666666667
0 0.21875 0.6809166666666666 0.010843750000000001 0.0344375
0 0.2300625 0.6751666666666666 0.010515625 0.030604166666666665