0 0.3078125 0.6183958333333333 0.011453125 0.04097916666666667
0 0.35417187499999997 0.6361041666666666 0.0125 0.022229166666666668
0 0.367703125 0.6399375 0.0125 0.0243125
0 0.555734375 0.6496458333333333 0.011453125 0.036812500000000005
0 0.581765625 0.6486041666666666 0.014578125 0.036104166666666666
0 0.21554687499999997 0.7282291666666667 0.012078125 0.03977083333333333
0 0.230828125 0.7286874999999999 0.017046875 0.03883333333333334
0 0.360796875 0.7362708333333334 0.01278125 0.03314583333333333
0 0.373578125 0.716375 0.015625 0.05397916666666667
0 0.530890625 0.7353124999999999 0.01775 0.0369375
0 0.36150000000000004 0.8001874999999999 0.014203125 0.037875
0 0.374640625 0.8001874999999999 0.014921875000000001 0.037875
0 0.46023437500000003 0.8759374999999999 0.024140625 0.06629166666666667
0 0.49679687499999997 0.8139166666666667 0.01775 0.05397916666666667
0 0.11967187500000001 0.8106041666666666 0.01775 0.06439583333333333
0 0.09765625 0.8982083333333333 0.013500000000000002 0.03883333333333334
0 0.108671875 0.9019791666666667 0.014203125 0.03883333333333334
0 0.167265625 0.9105208333333333 0.022015625 0.06533333333333333
0 0.187859375 0.9133541666666667 0.014921875000000001 0.057770833333333334
0 0.269171875 0.9360833333333333 0.01846875 0.055875
0 0.288 0.9270833333333334 0.019171874999999998 0.07764583333333334
0 0.36896874999999996 0.9337083333333334 0.014921875000000001 0.0435625
0 0.38351562499999997 0.9303958333333333 0.014203125 0.05397916666666667
0 0.40412499999999996 0.9303958333333333 0.0213125 0.04639583333333333
0 0.522015625 0.9332291666666667 0.014203125 0.04829166666666666
0 0.5323125 0.9256666666666666 0.019171874999999998 0.04639583333333333
0 0.54403125 0.9232916666666667 0.01846875 0.04735416666666667
0 0.639921875 0.9545416666666667 0.015625 0.020833333333333332
0 0.66015625 0.9536041666666667 0.019171874999999998 0.02272916666666667
0 0.713421875 0.9142916666666667 0.012078125 0.04072916666666667
0 0.72159375 0.9095624999999999 0.011359375 0.042604166666666665
0 0.7354375 0.7793541666666666 0.01065625 0.035979166666666666
0 0.74503125 0.7798333333333333 0.014203125 0.04072916666666667
0 0.75675 0.7779375000000001 0.014921875000000001 0.035041666666666665
0 0.8256406249999999 0.7178125000000001 0.009234375 0.028416666666666666
0 0.83878125 0.7149583333333334 0.01846875 0.034083333333333334
0 0.793671875 0.9029375000000001 0.014921875000000001 0.0445
0 0.80290625 0.8982083333333333 0.01775 0.0445
0 0.813203125 0.8944166666666666 0.015625 0.04072916666666667
0 0.83203125 0.8958333333333334 0.01775 0.037875
0 0.84765625 0.8759374999999999 0.013500000000000002 0.0625
0 0.95915625 0.9379791666666667 0.012078125 0.0445
0 0.9868593750000001 0.9337083333333334 0.016328125 0.04545833333333334
0 0.914421875 0.76325 0.016328125 0.028416666666666666