0 0.533203125 0.6132916666666667 0.014328125 0.032125
0 0.5218125 0.6106874999999999 0.00846875 0.021708333333333333
0 0.51171875 0.6115416666666668 0.009109375 0.0234375
0 0.5029375 0.6141458333333334 0.009765625 0.021708333333333333
0 0.43587499999999996 0.6367291666666667 0.01496875 0.049479166666666664
0 0.436203125 0.6940000000000001 0.015625 0.05816666666666667
0 0.383140625 0.7040000000000001 0.0201875 0.0555625
0 0.45996875 0.6614583333333334 0.017578125 0.036458333333333336
0 0.47721875 0.6683958333333333 0.016921875 0.041666666666666664
0 0.483078125 0.788625 0.01171875 0.033854166666666664
0 0.504875 0.7907916666666667 0.01628125 0.03472916666666667
0 0.33332812500000003 0.7955833333333333 0.016921875 0.033854166666666664
0 0.31770312500000003 0.7977500000000001 0.016921875 0.032979166666666664
0 0.211265625 0.7665000000000001 0.017578125 0.045145833333333336
0 0.197265625 0.7612916666666667 0.014328125 0.0381875
0 0.1796875 0.7651875 0.016921875 0.0390625
0 0.15853124999999998 0.71875 0.012375 0.041666666666666664
0 0.143234375 0.7148333333333333 0.014328125 0.037333333333333336
0 0.9515 0.7712708333333332 0.018875 0.04254166666666667
0 0.960609375 0.7695208333333333 0.01628125 0.046