0 0.9607187500000001 0.9365 0.015859375000000002 0.0468125
0 0.98053125 0.9334166666666667 0.011703125 0.044875
0 0.84790625 0.8965416666666666 0.01834375 0.041124999999999995
0 0.821953125 0.8611666666666667 0.01603125 0.036833333333333336
0 0.80734375 0.883875 0.01571875 0.042354166666666665
0 0.777171875 0.9027083333333333 0.011046875000000001 0.025645833333333333
0 0.791484375 0.9023958333333333 0.00984375 0.030833333333333334
0 0.691125 0.9132083333333333 0.014890625 0.029416666666666664
0 0.6643749999999999 0.9226041666666667 0.01853125 0.056666666666666664
0 0.8223750000000001 0.7318333333333332 0.009109375 0.03841666666666667
0 0.8320000000000001 0.7323958333333334 0.0063437499999999996 0.03710416666666667
0 0.681140625 0.7384166666666666 0.010499999999999999 0.029979166666666668
0 0.6643125000000001 0.7366041666666666 0.013640625 0.03983333333333334
0 0.688953125 0.6337916666666668 0.01178125 0.035541666666666666
0 0.67240625 0.638 0.012640624999999999 0.03391666666666667
0 0.611125 0.6127291666666667 0.0074062500000000005 0.03925
0 0.43020312499999996 0.6198125 0.00853125 0.0398125
0 0.28196875 0.6222291666666667 0.01240625 0.034229166666666665
0 0.615625 0.8120208333333333 0.013671875 0.046125
0 0.743765625 0.783875 0.013625000000000002 0.029354166666666667
0 0.8354687500000001 0.7777499999999999 0.011359375 0.026708333333333334
0 0.8588906250000001 0.7917291666666666 0.015546874999999998 0.03160416666666667
0 0.222265625 0.6561458333333333 0.014687500000000001 0.017354166666666667
0 0.41823437500000005 0.6239583333333333 0.010421875 0.022916666666666665
0 0.4640625 0.6069375 0.011453125 0.025
0 0.38515625 0.5875 0.0140625 0.026395833333333334
0 0.316921875 0.6069375 0.013015625 0.029166666666666667
0 0.30625 0.603125 0.0072968749999999995 0.0243125
0 0.297140625 0.603125 0.008859375 0.02014583333333333
0 0.2890625 0.6034791666666667 0.009375 0.0194375