0 0.08903124999999999 0.89075 0.0174375 0.0566875
0 0.136078125 0.9612499999999999 0.008359374999999999 0.012604166666666666
0 0.0526875 0.8924375 0.010906250000000001 0.059104166666666666
0 0.052500000000000005 0.8595 0.01853125 0.06491666666666666
0 0.037609375 0.8626458333333333 0.017078125 0.06347916666666667
0 0.251265625 0.6414791666666667 0.014171875 0.04458333333333333
0 0.21965625000000003 0.6174999999999999 0.007625 0.030520833333333334
0 0.22675 0.6141041666666667 0.009453125 0.03245833333333333
0 0.31359375 0.6400208333333333 0.012359375 0.03779166666666667
0 0.376640625 0.6102291666666667 0.007625 0.028583333333333336
0 0.384453125 0.6121666666666666 0.006546875000000001 0.022770833333333334
0 0.511453125 0.6165208333333333 0.0098125 0.034395833333333334
0 0.528703125 0.6024791666666667 0.007265625 0.034395833333333334
0 0.5227031249999999 0.6085208333333333 0.006171875 0.02422916666666667
0 0.51290625 0.5867291666666666 0.007625 0.036812500000000005
0 0.48401562499999995 0.730375 0.0138125 0.04602083333333333
0 0.49781250000000005 0.7194791666666667 0.011625 0.0406875
0 0.618453125 0.8037708333333333 0.018171875 0.042645833333333334
0 0.6373593750000001 0.7979583333333333 0.015984375000000002 0.03875
0 0.8684531249999999 0.9147291666666667 0.016718749999999998 0.0406875
0 0.88571875 0.9001874999999999 0.017078125 0.03875