0 0.058875 0.876125 0.020640625000000003 0.07960416666666667
0 0.09709375 0.876125 0.021203125 0.07216666666666667
0 0.1124375 0.8653333333333334 0.01953125 0.07439583333333334
0 0.131140625 0.7239583333333334 0.014515624999999999 0.058041666666666665
0 0.056640625 0.8165833333333333 0.024 0.049854166666666665
0 0.24720312500000002 0.8255208333333334 0.022328124999999997 0.078125
0 0.268140625 0.7622708333333333 0.013953125 0.0558125
0 0.318078125 0.8199375 0.014515624999999999 0.05654166666666667
0 0.306640625 0.7708333333333334 0.01171875 0.050604166666666665
0 0.371375 0.7797708333333334 0.0161875 0.06397916666666667
0 0.244421875 0.6767083333333334 0.013390625 0.051333333333333335
0 0.366078125 0.6194166666666666 0.015625 0.051333333333333335
0 0.43359375 0.6231458333333334 0.010046875 0.04539583333333333
0 0.42467187500000003 0.6298333333333334 0.0078125 0.04539583333333333
0 0.41685937500000003 0.6268541666666666 0.010046875 0.04091666666666667
0 0.3911875 0.626125 0.010046875 0.042416666666666665
0 0.3791875 0.6190416666666666 0.01171875 0.044645833333333336
0 0.392015625 0.5844583333333334 0.012828125000000001 0.033479166666666664
0 0.643140625 0.7734375 0.015062500000000001 0.060270833333333336
0 0.712046875 0.8169583333333333 0.017859375 0.059520833333333335
0 0.904296875 0.9047708333333334 0.020640625000000003 0.047625
0 0.9534062499999999 0.876125 0.010609375 0.060270833333333336
0 0.970703125 0.8720208333333334 0.0161875 0.06102083333333333