0 0.5700624999999999 0.7565833333333334 0.017953125 0.0516875
0 0.568796875 0.69125 0.015562500000000002 0.0435
0 0.606484375 0.7108333333333333 0.012453124999999999 0.050979166666666666
0 0.7791875 0.6883125 0.016859375 0.03747916666666666
0 0.26840625 0.7248958333333333 0.015453125000000002 0.05452083333333334
0 0.17428125 0.6974374999999999 0.013750000000000002 0.0420625
0 0.420515625 0.6186875000000001 0.007359375 0.04
0 0.407421875 0.6176041666666666 0.0079375 0.041479166666666664
0 0.20393750000000002 0.7320416666666667 0.010437499999999999 0.04739583333333333
0 0.1888125 0.7025 0.005984375 0.04125
0 0.241703125 0.7389791666666666 0.009265625 0.04616666666666667
0 0.216734375 0.7377083333333334 0.01103125 0.0455
0 0.228765625 0.7271875 0.01046875 0.0565