0 0.41364062500000004 0.6030416666666666 0.0139375 0.022520833333333334
0 0.46515625 0.601625 0.010562499999999999 0.029833333333333333
0 0.495140625 0.6297916666666666 0.00803125 0.04560416666666667
0 0.529984375 0.6244375000000001 0.011828125 0.03266666666666666
0 0.5213281249999999 0.568125 0.00803125 0.030395833333333334
0 0.5736875 0.6365416666666667 0.00803125 0.019708333333333335
0 0.58846875 0.6418958333333333 0.008875 0.01914583333333333
0 0.6437968749999999 0.5934583333333333 0.01140625 0.025895833333333333
0 0.44171875 0.6548333333333333 0.014359374999999999 0.04729166666666666
0 0.353890625 0.6342916666666666 0.011828125 0.028708333333333332
0 0.340796875 0.6368333333333334 0.010984375000000001 0.025895833333333333
0 0.434125 0.6264166666666667 0.010984375000000001 0.03095833333333333
0 0.295390625 0.603875 0.010562499999999999 0.019708333333333335
0 0.284 0.6021875 0.01140625 0.019708333333333335
0 0.364015625 0.6962291666666667 0.016046875 0.0535
0 0.27914062500000003 0.6965 0.013515625 0.0529375
0 0.22698437500000002 0.6970624999999999 0.01815625 0.0529375
0 0.527453125 0.7193124999999999 0.015203125000000001 0.03885416666666666
0 0.5614375 0.7553541666666667 0.0139375 0.0535
0 0.7176875 0.6089583333333334 0.01225 0.04447916666666667
0 0.841421875 0.6376666666666666 0.013093750000000001 0.02645833333333333
0 0.7115781250000001 0.9175208333333333 0.02365625 0.04897916666666667
0 0.6885625 0.913 0.01984375 0.042229166666666665
0 0.6647031250000001 0.9217291666666667 0.017734375 0.058562499999999997
0 0.6463281249999999 0.9203333333333333 0.014781250000000001 0.061375
0 0.628796875 0.9206041666666667 0.017734375 0.0596875
0 0.315453125 0.9417291666666666 0.02365625 0.050104166666666665
0 0.240078125 0.9304583333333334 0.01815625 0.04110416666666667
0 0.168078125 0.864875 0.020265625000000002 0.0720625
0 0.1345 0.8696458333333333 0.024078125 0.06925