0 0.165515625 0.9168333333333333 0.046984375 0.05825
0 0.5562343750000001 0.9296875 0.031734374999999995 0.06270833333333334
0 0.581796875 0.9336041666666667 0.027015624999999998 0.05425
0 0.6575624999999999 0.9170833333333334 0.033390625 0.068375
0 0.681171875 0.9150625 0.027046874999999998 0.05379166666666667
0 0.58709375 0.8499791666666667 0.033687499999999995 0.07875
0 0.2710625 0.62175 0.016828125 0.0575
0 0.29540625 0.6143541666666666 0.029343750000000002 0.04795833333333333
0 0.38156249999999997 0.5846666666666667 0.01575 0.04120833333333333
0 0.3578125 0.6114583333333333 0.015625 0.03264583333333333
0 0.24348437500000003 0.6034791666666667 0.016140625 0.03333333333333333