0 0.390625 0.58425 0.012875000000000001 0.03860416666666667
0 0.41475 0.6109166666666667 0.011484375 0.03185416666666666
0 0.429 0.62225 0.00965625 0.03491666666666667
0 0.44185937500000005 0.62225 0.010562499999999999 0.042270833333333334
0 0.2245 0.7034374999999999 0.013328125 0.04779166666666667
0 0.20703125 0.69975 0.01240625 0.041666666666666664
0 0.193015625 0.6991458333333332 0.011953125 0.042895833333333334
0 0.80859375 0.9025833333333334 0.017 0.06372916666666667
0 0.8835000000000001 0.8832708333333333 0.017921875 0.0435
0 0.9195781249999999 0.8848125 0.014703125000000001 0.044125
0 0.9473750000000001 0.8832708333333333 0.013328125 0.06310416666666667
0 0.9625468749999999 0.894 0.016078125 0.057604166666666665