1 0.53125 0.6518518518518519 0.010416666666666666 0.05925925925925926
1 0.6 0.9074074074074074 0.11041666666666666 0.16666666666666666
1 0.6958333333333333 0.8407407407407408 0.10625 0.15185185185185185
1 0.7833333333333333 0.774074074074074 0.03125 0.014814814814814815
1 0.7979166666666667 0.7703703703703704 0.04791666666666667 0.037037037037037035
1 0.029166666666666667 0.8851851851851852 0.058333333333333334 0.22962962962962963
1 0.13958333333333334 0.8777777777777778 0.10625 0.18888888888888888
1 0.12916666666666668 0.6962962962962963 0.05416666666666667 0.05925925925925926
1 0.16875 0.6703703703703704 0.0375 0.0962962962962963
1 0.20833333333333334 0.674074074074074 0.027083333333333334 0.0962962962962963
1 0.24791666666666667 0.6777777777777778 0.04375 0.08888888888888889
0 0.8791666666666667 0.6037037037037037 0.016666666666666666 0.018518518518518517
0 0.7416666666666667 0.6518518518518519 0.03125 0.037037037037037035