0 0.81875 0.6259259259259259 0.016666666666666666 0.02962962962962963
0 0.8791666666666667 0.6074074074074074 0.014583333333333334 0.022222222222222223
1 0.7041666666666667 0.7333333333333333 0.0375 0.1037037037037037
1 0.5354166666666667 0.6555555555555556 0.01875 0.05185185185185185
1 0.78125 0.737037037037037 0.041666666666666664 0.06666666666666667
1 0.76875 0.7407407407407407 0.020833333333333332 0.08148148148148149
1 0.73125 0.7296296296296296 0.025 0.1
1 0.7479166666666667 0.737037037037037 0.022916666666666665 0.08518518518518518
1 0.7479166666666667 0.7333333333333333 0.022916666666666665 0.07777777777777778
1 0.7583333333333333 0.7222222222222222 0.014583333333333334 0.04814814814814815
1 0.14791666666666667 0.7037037037037037 0.075 0.05925925925925926
1 0.17916666666666667 0.7 0.07291666666666667 0.04814814814814815