0 0.8270833333333333 0.6222222222222222 0.01875 0.025925925925925925
0 0.8791666666666667 0.6074074074074074 0.016666666666666666 0.022222222222222223
1 0.75625 0.7481481481481481 0.0125 0.04814814814814815
1 0.71875 0.7592592592592593 0.04791666666666667 0.06296296296296296
1 0.6708333333333333 0.8925925925925926 0.029166666666666667 0.07407407407407407
1 0.6229166666666667 0.9037037037037037 0.052083333333333336 0.16296296296296298
1 0.5291666666666667 0.9037037037037037 0.05625 0.17407407407407408
1 0.4875 0.8333333333333334 0.035416666666666666 0.12222222222222222
1 0.23125 0.8740740740740741 0.029166666666666667 0.12222222222222222
1 0.16666666666666666 0.6333333333333333 0.04583333333333333 0.05925925925925926
1 0.12291666666666666 0.6222222222222222 0.029166666666666667 0.05185185185185185
1 0.09375 0.6148148148148148 0.016666666666666666 0.05925925925925926
1 0.06458333333333334 0.6074074074074074 0.03125 0.05185185185185185
1 0.5291666666666667 0.6592592592592592 0.00625 0.022222222222222223
1 0.5354166666666667 0.6777777777777778 0.020833333333333332 0.05925925925925926