0 0.7645833333333333 0.6518518518518519 0.03125 0.03333333333333333
0 0.8229166666666666 0.6259259259259259 0.020833333333333332 0.025925925925925925
0 0.8791666666666667 0.6037037037037037 0.014583333333333334 0.018518518518518517
1 0.7729166666666667 0.7518518518518519 0.07083333333333333 0.05925925925925926
1 0.73125 0.774074074074074 0.05 0.022222222222222223
1 0.6583333333333333 0.8629629629629629 0.06458333333333334 0.21851851851851853
1 0.6958333333333333 0.7888888888888889 0.027083333333333334 0.037037037037037035
1 0.60625 0.9148148148148149 0.08125 0.17037037037037037
1 0.5520833333333334 0.9185185185185185 0.08541666666666667 0.16296296296296298
1 0.50625 0.9074074074074074 0.06041666666666667 0.18518518518518517
1 0.03958333333333333 0.9037037037037037 0.07708333333333334 0.18888888888888888
1 0.07708333333333334 0.9 0.06666666666666667 0.12222222222222222
1 0.0375 0.8111111111111111 0.07291666666666667 0.1037037037037037
1 0.16875 0.6962962962962963 0.05 0.13333333333333333
1 0.08333333333333333 0.737037037037037 0.04583333333333333 0.09259259259259259
1 0.07708333333333334 0.6777777777777778 0.06666666666666667 0.09259259259259259
1 0.020833333333333332 0.6703703703703704 0.041666666666666664 0.0962962962962963
1 0.22083333333333333 0.837037037037037 0.06666666666666667 0.21851851851851853
1 0.15416666666666667 0.6481481481481481 0.035416666666666666 0.08518518518518518
1 0.14791666666666667 0.6296296296296297 0.022916666666666665 0.05555555555555555
1 0.10833333333333334 0.6259259259259259 0.03125 0.05925925925925926
1 0.08333333333333333 0.6074074074074074 0.03125 0.044444444444444446