1 0.12916666666666668 0.6185185185185185 0.025 0.08888888888888889
1 0.20625 0.6444444444444445 0.03333333333333333 0.08888888888888889
1 0.5333333333333333 0.6814814814814815 0.014583333333333334 0.05925925925925926
1 0.027083333333333334 0.9407407407407408 0.052083333333333336 0.1037037037037037
1 0.15625 0.8666666666666667 0.1625 0.15555555555555556
1 0.61875 0.825925925925926 0.1125 0.1925925925925926
1 0.6708333333333333 0.7333333333333333 0.041666666666666664 0.09259259259259259
1 0.6979166666666666 0.8703703703703703 0.09791666666666667 0.2518518518518518
1 0.8145833333333333 0.7592592592592593 0.05 0.07037037037037037
1 0.6895833333333333 0.7925925925925926 0.03125 0.044444444444444446
1 0.7604166666666666 0.7555555555555555 0.03125 0.04814814814814815
0 0.81875 0.6185185185185185 0.010416666666666666 0.025925925925925925