0 0.825 0.6259259259259259 0.022916666666666665 0.025925925925925925
0 0.8791666666666667 0.6074074074074074 0.016666666666666666 0.018518518518518517
1 0.7416666666666667 0.7518518518518519 0.052083333333333336 0.05555555555555555
1 0.80625 0.7592592592592593 0.03333333333333333 0.05555555555555555
1 0.6145833333333334 0.9 0.05416666666666667 0.16666666666666666
1 0.6791666666666667 0.8777777777777778 0.016666666666666666 0.10740740740740741
1 0.6375 0.9407407407407408 0.08541666666666667 0.11481481481481481
1 0.5208333333333334 0.9074074074074074 0.09166666666666666 0.17037037037037037
1 0.36875 0.7111111111111111 0.020833333333333332 0.05185185185185185
1 0.39166666666666666 0.725925925925926 0.03958333333333333 0.03333333333333333
1 0.2520833333333333 0.6777777777777778 0.029166666666666667 0.08888888888888889
1 0.04583333333333333 0.9 0.09166666666666666 0.1962962962962963
1 0.08333333333333333 0.6111111111111112 0.014583333333333334 0.05185185185185185