0 0.8791666666666667 0.6074074074074074 0.016666666666666666 0.018518518518518517
0 0.81875 0.6259259259259259 0.01875 0.025925925925925925
1 0.7 0.7481481481481481 0.06458333333333334 0.1037037037037037
1 0.6729166666666667 0.7185185185185186 0.025 0.06296296296296296
1 0.6291666666666667 0.7481481481481481 0.052083333333333336 0.11481481481481481
1 0.56875 0.6962962962962963 0.0375 0.1037037037037037
1 0.24166666666666667 0.674074074074074 0.05 0.1037037037037037
1 0.26458333333333334 0.662962962962963 0.052083333333333336 0.07407407407407407
1 0.19791666666666666 0.8962962962962963 0.10625 0.17777777777777778
1 0.0125 0.8851851851851852 0.022916666666666665 0.21851851851851853
1 0.7875 0.7555555555555555 0.04791666666666667 0.05555555555555555
1 0.8270833333333333 0.7703703703703704 0.035416666666666666 0.05555555555555555
1 0.5125 0.937037037037037 0.0875 0.09259259259259259