0 0.8791666666666667 0.6074074074074074 0.016666666666666666 0.018518518518518517
0 0.8270833333333333 0.6222222222222222 0.01875 0.025925925925925925
1 0.78125 0.7481481481481481 0.052083333333333336 0.05925925925925926
1 0.7479166666666667 0.7703703703703704 0.05 0.022222222222222223
1 0.675 0.837037037037037 0.022916666666666665 0.044444444444444446
1 0.6666666666666666 0.8925925925925926 0.029166666666666667 0.06296296296296296
1 0.625 0.9074074074074074 0.052083333333333336 0.14074074074074075
1 0.5270833333333333 0.9 0.05625 0.17037037037037037
1 0.17708333333333334 0.8592592592592593 0.14166666666666666 0.17777777777777778
1 0.01875 0.8555555555555555 0.0375 0.2111111111111111
1 0.03125 0.9777777777777777 0.06041666666666667 0.044444444444444446
1 0.5291666666666667 0.662962962962963 0.00625 0.022222222222222223
1 0.5333333333333333 0.6777777777777778 0.01875 0.06666666666666667