0 0.8208333333333333 0.6259259259259259 0.016666666666666666 0.025925925925925925
0 0.8791666666666667 0.6074074074074074 0.014583333333333334 0.018518518518518517
1 0.74375 0.737037037037037 0.022916666666666665 0.08148148148148149
1 0.7666666666666667 0.762962962962963 0.020833333333333332 0.03333333333333333
1 0.6625 0.7592592592592593 0.035416666666666666 0.1
1 0.68125 0.7333333333333333 0.03958333333333333 0.09259259259259259
1 0.5375 0.7111111111111111 0.022916666666666665 0.1111111111111111
1 0.49583333333333335 0.8703703703703703 0.05 0.17037037037037037
1 0.19791666666666666 0.9407407407407408 0.09375 0.08888888888888889
1 0.029166666666666667 0.8703703703703703 0.05625 0.25555555555555554
1 0.2375 0.6518518518518519 0.05 0.09259259259259259