0 0.8791666666666667 0.6074074074074074 0.016666666666666666 0.018518518518518517
0 0.81875 0.6259259259259259 0.020833333333333332 0.025925925925925925
1 0.7333333333333333 0.7481481481481481 0.035416666666666666 0.07037037037037037
1 0.7104166666666667 0.7296296296296296 0.04375 0.08148148148148149
1 0.6958333333333333 0.737037037037037 0.025 0.08148148148148149
1 0.6770833333333334 0.7481481481481481 0.025 0.10740740740740741
1 0.6645833333333333 0.7296296296296296 0.04375 0.1
1 0.6416666666666667 0.6888888888888889 0.03958333333333333 0.07777777777777778
1 0.60625 0.7481481481481481 0.03333333333333333 0.12222222222222222
1 0.6020833333333333 0.7296296296296296 0.029166666666666667 0.10740740740740741
1 0.6 0.6962962962962963 0.01875 0.07037037037037037
1 0.60625 0.6703703703703704 0.035416666666666666 0.05555555555555555
1 0.44166666666666665 0.7222222222222222 0.06875 0.07037037037037037
1 0.4895833333333333 0.7333333333333333 0.05416666666666667 0.1
1 0.51875 0.7296296296296296 0.029166666666666667 0.11481481481481481
1 0.5229166666666667 0.7 0.03333333333333333 0.09259259259259259
1 0.5395833333333333 0.7111111111111111 0.029166666666666667 0.1037037037037037
1 0.5770833333333333 0.6851851851851852 0.03333333333333333 0.07407407407407407
1 0.5541666666666667 0.7 0.035416666666666666 0.07777777777777778
1 0.25833333333333336 0.6703703703703704 0.04375 0.06666666666666667
1 0.14375 0.674074074074074 0.06458333333333334 0.0962962962962963
1 0.16458333333333333 0.6703703703703704 0.052083333333333336 0.08148148148148149
1 0.25416666666666665 0.7037037037037037 0.041666666666666664 0.044444444444444446