0 0.8791666666666667 0.6074074074074074 0.016666666666666666 0.022222222222222223
0 0.81875 0.6259259259259259 0.01875 0.025925925925925925
1 0.7583333333333333 0.7555555555555555 0.020833333333333332 0.044444444444444446
1 0.7229166666666667 0.7703703703703704 0.025 0.02962962962962963
1 0.60625 0.9 0.15833333333333333 0.1962962962962963
1 0.6 0.8925925925925926 0.05625 0.2111111111111111
1 0.6270833333333333 0.7444444444444445 0.0625 0.0962962962962963
1 0.5208333333333334 0.7407407407407407 0.025 0.0962962962962963
1 0.5354166666666667 0.662962962962963 0.022916666666666665 0.08518518518518518
1 0.5833333333333334 0.7518518518518519 0.022916666666666665 0.08148148148148149
1 0.175 0.8444444444444444 0.15208333333333332 0.22962962962962963
1 0.13541666666666666 0.8185185185185185 0.15208333333333332 0.24444444444444444
1 0.029166666666666667 0.7703703703703704 0.05625 0.1
1 0.0625 0.6703703703703704 0.06458333333333334 0.05925925925925926
1 0.10833333333333334 0.662962962962963 0.058333333333333334 0.10740740740740741
1 0.14791666666666667 0.7 0.05625 0.040740740740740744
1 0.13333333333333333 0.6407407407407407 0.052083333333333336 0.07777777777777778