1 0.020833333333333332 0.8666666666666667 0.041666666666666664 0.1814814814814815
1 0.5 0.9407407407407408 0.06041666666666667 0.08518518518518518
1 0.20833333333333334 0.9333333333333333 0.07291666666666667 0.09259259259259259
1 0.041666666666666664 0.6222222222222222 0.035416666666666666 0.03333333333333333
1 0.1 0.6444444444444445 0.0375 0.022222222222222223
0 0.9479166666666666 0.6037037037037037 0.01875 0.022222222222222223
0 0.8791666666666667 0.6074074074074074 0.014583333333333334 0.022222222222222223
1 0.39791666666666664 0.725925925925926 0.03958333333333333 0.025925925925925925
1 0.49166666666666664 0.7296296296296296 0.0375 0.1111111111111111
1 0.5145833333333333 0.7444444444444445 0.029166666666666667 0.1037037037037037
1 0.5458333333333333 0.7185185185185186 0.041666666666666664 0.08888888888888889
1 0.5625 0.6888888888888889 0.027083333333333334 0.0962962962962963
1 0.8083333333333333 0.7518518518518519 0.041666666666666664 0.07407407407407407