0 0.81875 0.6259259259259259 0.020833333333333332 0.02962962962962963
0 0.8791666666666667 0.6074074074074074 0.016666666666666666 0.022222222222222223
1 0.8604166666666667 0.762962962962963 0.04583333333333333 0.08148148148148149
1 0.6354166666666666 0.7518518518518519 0.0375 0.08518518518518518
1 0.5479166666666667 0.7518518518518519 0.07916666666666666 0.11481481481481481
1 0.6625 0.7333333333333333 0.03958333333333333 0.1037037037037037
1 0.6645833333333333 0.7296296296296296 0.052083333333333336 0.1111111111111111
1 0.6291666666666667 0.6703703703703704 0.04375 0.06296296296296296
1 0.6145833333333334 0.662962962962963 0.0375 0.06296296296296296
1 0.6020833333333333 0.7296296296296296 0.029166666666666667 0.1111111111111111
1 0.4895833333333333 0.7481481481481481 0.07083333333333333 0.0962962962962963
1 0.4270833333333333 0.7222222222222222 0.07291666666666667 0.06666666666666667
1 0.4875 0.7148148148148148 0.058333333333333334 0.07407407407407407
1 0.4875 0.6962962962962963 0.05625 0.05185185185185185
1 0.5229166666666667 0.7296296296296296 0.041666666666666664 0.08888888888888889
1 0.5270833333333333 0.7185185185185186 0.052083333333333336 0.06666666666666667
1 0.5333333333333333 0.6518518518518519 0.01875 0.07407407407407407
1 0.1625 0.6703703703703704 0.06666666666666667 0.1
1 0.12291666666666666 0.6666666666666666 0.03125 0.0962962962962963
1 0.20208333333333334 0.674074074074074 0.029166666666666667 0.0962962962962963