0 0.8791666666666667 0.6074074074074074 0.016666666666666666 0.022222222222222223
1 0.6229166666666667 0.9037037037037037 0.052083333333333336 0.15925925925925927
1 0.5270833333333333 0.9037037037037037 0.058333333333333334 0.17407407407407408
1 0.6708333333333333 0.8888888888888888 0.03333333333333333 0.07037037037037037
1 0.016666666666666666 0.9407407407407408 0.03333333333333333 0.11851851851851852
1 0.01875 0.8444444444444444 0.035416666666666666 0.11851851851851852
1 0.5291666666666667 0.6703703703703704 0.008333333333333333 0.037037037037037035
0 0.8270833333333333 0.6222222222222222 0.01875 0.025925925925925925
1 0.1125 0.6296296296296297 0.01875 0.06666666666666667
1 0.08541666666666667 0.6296296296296297 0.03333333333333333 0.06296296296296296
1 0.04791666666666667 0.6259259259259259 0.025 0.08518518518518518