1 0.03125 0.9296296296296296 0.06041666666666667 0.13703703703703704
1 0.15 0.8703703703703703 0.16458333333333333 0.16666666666666666
1 0.525 0.9148148148148149 0.11666666666666667 0.17037037037037037
1 0.6604166666666667 0.8703703703703703 0.075 0.16296296296296298
1 0.6895833333333333 0.7925925925925926 0.041666666666666664 0.040740740740740744
1 0.8020833333333334 0.7555555555555555 0.029166666666666667 0.07037037037037037
1 0.8291666666666667 0.762962962962963 0.029166666666666667 0.07037037037037037
1 0.5229166666666667 0.7481481481481481 0.025 0.11481481481481481
1 0.4979166666666667 0.7296296296296296 0.027083333333333334 0.1037037037037037
1 0.5375 0.6518518518518519 0.027083333333333334 0.05185185185185185
1 0.5395833333333333 0.662962962962963 0.03125 0.0962962962962963
0 0.81875 0.6185185185185185 0.008333333333333333 0.025925925925925925
1 0.22916666666666666 0.6814814814814815 0.03125 0.0962962962962963
1 0.25 0.6814814814814815 0.06875 0.08148148148148149
1 0.15833333333333333 0.6703703703703704 0.03125 0.10740740740740741
1 0.10416666666666667 0.6666666666666666 0.041666666666666664 0.10740740740740741
1 0.06666666666666667 0.6407407407407407 0.041666666666666664 0.11481481481481481
1 0.1125 0.6481481481481481 0.05625 0.0962962962962963