0 0.81875 0.6259259259259259 0.01875 0.02962962962962963
0 0.8791666666666667 0.6074074074074074 0.016666666666666666 0.025925925925925925
1 0.6375 0.7925925925925926 0.075 0.14814814814814814
1 0.61875 0.8222222222222222 0.041666666666666664 0.08888888888888889
1 0.6458333333333334 0.7407407407407407 0.035416666666666666 0.1037037037037037
1 0.5333333333333333 0.7592592592592593 0.0375 0.1259259259259259
1 0.5354166666666667 0.7333333333333333 0.0625 0.08888888888888889
1 0.59375 0.8851851851851852 0.04375 0.14074074074074075
1 0.5125 0.9333333333333333 0.08958333333333333 0.0962962962962963
1 0.19791666666666666 0.8925925925925926 0.10625 0.1814814814814815
1 0.25 0.6814814814814815 0.04375 0.08148148148148149
1 0.04375 0.6185185185185185 0.04791666666666667 0.06296296296296296
1 0.5354166666666667 0.6444444444444445 0.01875 0.05925925925925926