0 0.8791666666666667 0.6037037037037037 0.014583333333333334 0.018518518518518517
0 0.8229166666666666 0.6259259259259259 0.022916666666666665 0.02962962962962963
0 0.7666666666666667 0.6518518518518519 0.029166666666666667 0.037037037037037035
1 0.81875 0.7666666666666667 0.01875 0.02962962962962963
1 0.7770833333333333 0.7666666666666667 0.058333333333333334 0.025925925925925925
1 0.75625 0.7703703703703704 0.06041666666666667 0.022222222222222223
1 0.55625 0.9222222222222223 0.18125 0.15185185185185185
1 0.6229166666666667 0.9111111111111111 0.11875 0.17407407407407408
1 0.65625 0.8888888888888888 0.07083333333333333 0.2
1 0.04375 0.8740740740740741 0.0875 0.2074074074074074
1 0.30625 0.6962962962962963 0.06875 0.08148148148148149
1 0.23958333333333334 0.7037037037037037 0.058333333333333334 0.1
1 0.22916666666666666 0.7111111111111111 0.04583333333333333 0.1111111111111111
1 0.18541666666666667 0.7 0.06666666666666667 0.11851851851851852
1 0.175 0.7 0.08333333333333333 0.12962962962962962
1 0.11458333333333333 0.6814814814814815 0.04375 0.1037037037037037
1 0.0625 0.6666666666666666 0.022916666666666665 0.1037037037037037
1 0.15 0.6222222222222222 0.03125 0.02962962962962963
1 0.09375 0.6148148148148148 0.020833333333333332 0.05555555555555555
1 0.10625 0.6148148148148148 0.010416666666666666 0.037037037037037035
1 0.11875 0.6148148148148148 0.01875 0.037037037037037035