0 0.825 0.6259259259259259 0.022916666666666665 0.02962962962962963
0 0.8791666666666667 0.6074074074074074 0.016666666666666666 0.018518518518518517
1 0.74375 0.7481481481481481 0.05 0.06666666666666667
1 0.6166666666666667 0.8962962962962963 0.05625 0.17037037037037037
1 0.6729166666666667 0.8703703703703703 0.027083333333333334 0.10740740740740741
1 0.5270833333333333 0.9074074074074074 0.06666666666666667 0.16666666666666666
1 0.6020833333333333 0.7592592592592593 0.0375 0.06296296296296296
1 0.5979166666666667 0.7333333333333333 0.058333333333333334 0.0962962962962963
1 0.5291666666666667 0.6666666666666666 0.00625 0.02962962962962963
1 0.375 0.7111111111111111 0.07291666666666667 0.06666666666666667
1 0.1375 0.8629629629629629 0.10625 0.1925925925925926
1 0.10833333333333334 0.6222222222222222 0.04791666666666667 0.05925925925925926