1 0.6541666666666667 0.737037037037037 0.052083333333333336 0.1037037037037037
1 0.6645833333333333 0.725925925925926 0.058333333333333334 0.1
1 0.6125 0.7407407407407407 0.025 0.11481481481481481
1 0.6104166666666667 0.7222222222222222 0.05625 0.1259259259259259
1 0.5875 0.7148148148148148 0.035416666666666666 0.0962962962962963
0 0.81875 0.6259259259259259 0.016666666666666666 0.025925925925925925
0 0.8791666666666667 0.6074074074074074 0.016666666666666666 0.018518518518518517
1 0.5479166666666667 0.725925925925926 0.03958333333333333 0.07407407407407407
1 0.49166666666666664 0.7444444444444445 0.04583333333333333 0.1111111111111111
1 0.47291666666666665 0.7333333333333333 0.05416666666666667 0.1037037037037037
1 0.46041666666666664 0.7185185185185186 0.06041666666666667 0.07777777777777778
1 0.5166666666666667 0.7407407407407407 0.022916666666666665 0.12222222222222222
1 0.5166666666666667 0.7074074074074074 0.03125 0.1
1 0.5104166666666666 0.7148148148148148 0.04583333333333333 0.07407407407407407
1 0.54375 0.6888888888888889 0.027083333333333334 0.08888888888888889
1 0.53125 0.6481481481481481 0.0125 0.04814814814814815
1 0.3145833333333333 0.6851851851851852 0.0375 0.08148148148148149
1 0.23541666666666666 0.7074074074074074 0.07291666666666667 0.14074074074074075
1 0.041666666666666664 0.6555555555555556 0.0625 0.1259259259259259
1 0.23958333333333334 0.6518518518518519 0.05625 0.0962962962962963
1 0.25833333333333336 0.6592592592592592 0.04583333333333333 0.07407407407407407
1 0.08125 0.6074074074074074 0.025 0.08888888888888889