1 0.5375 0.7074074074074074 0.022916666666666665 0.07777777777777778
1 0.5708333333333333 0.7481481481481481 0.027083333333333334 0.0962962962962963
1 0.5375 0.6555555555555556 0.01875 0.025925925925925925
1 0.7458333333333333 0.7592592592592593 0.05 0.04814814814814815
1 0.80625 0.7592592592592593 0.04583333333333333 0.05555555555555555
1 0.7666666666666667 0.762962962962963 0.035416666666666666 0.05185185185185185
1 0.6354166666666666 0.9185185185185185 0.1 0.16296296296296298
1 0.65625 0.8148148148148148 0.09791666666666667 0.07777777777777778
1 0.5208333333333334 0.9074074074074074 0.10416666666666667 0.18518518518518517
1 0.15625 0.8740740740740741 0.17083333333333334 0.14814814814814814
1 0.035416666666666666 0.9407407407407408 0.06875 0.11481481481481481
1 0.23125 0.6851851851851852 0.05 0.09259259259259259
1 0.14375 0.6222222222222222 0.027083333333333334 0.08518518518518518
1 0.2708333333333333 0.6777777777777778 0.04791666666666667 0.09259259259259259
1 0.24583333333333332 0.6518518518518519 0.035416666666666666 0.04814814814814815
1 0.175 0.9703703703703703 0.12708333333333333 0.05555555555555555