0 0.81875 0.6259259259259259 0.016666666666666666 0.02962962962962963
0 0.8791666666666667 0.6074074074074074 0.016666666666666666 0.018518518518518517
1 0.0875 0.8148148148148148 0.13333333333333333 0.29259259259259257
1 0.06041666666666667 0.7851851851851852 0.12083333333333333 0.24074074074074073
1 0.46875 0.7555555555555555 0.041666666666666664 0.14444444444444443
1 0.60625 0.762962962962963 0.05625 0.10740740740740741
1 0.5729166666666666 0.7444444444444445 0.04375 0.1259259259259259
1 0.625 0.7518518518518519 0.05416666666666667 0.08888888888888889
1 0.6645833333333333 0.7555555555555555 0.03958333333333333 0.13333333333333333
1 0.69375 0.7518518518518519 0.027083333333333334 0.11851851851851852
1 0.6125 0.7037037037037037 0.03125 0.05925925925925926
1 0.6458333333333334 0.7 0.035416666666666666 0.06296296296296296
1 0.74375 0.7555555555555555 0.06458333333333334 0.07037037037037037
1 0.8166666666666667 0.7592592592592593 0.0375 0.05925925925925926
1 0.78125 0.7444444444444445 0.027083333333333334 0.07037037037037037
1 0.8020833333333334 0.7407407407407407 0.022916666666666665 0.05555555555555555
1 0.7645833333333333 0.7333333333333333 0.025 0.07777777777777778
1 0.7458333333333333 0.7333333333333333 0.027083333333333334 0.07777777777777778
1 0.75625 0.7296296296296296 0.022916666666666665 0.07407407407407407
1 0.7375 0.7222222222222222 0.020833333333333332 0.07037037037037037