0 0.81875 0.6259259259259259 0.01875 0.025925925925925925
0 0.8791666666666667 0.6074074074074074 0.016666666666666666 0.018518518518518517
1 0.5708333333333333 0.6814814814814815 0.025 0.09259259259259259
1 0.6354166666666666 0.6814814814814815 0.01875 0.08148148148148149
1 0.6791666666666667 0.737037037037037 0.04791666666666667 0.09259259259259259
1 0.6729166666666667 0.7222222222222222 0.029166666666666667 0.07037037037037037
1 0.7125 0.737037037037037 0.035416666666666666 0.0962962962962963
1 0.7354166666666667 0.7333333333333333 0.03958333333333333 0.1
1 0.74375 0.737037037037037 0.0375 0.08888888888888889
1 0.14791666666666667 0.7037037037037037 0.07291666666666667 0.04814814814814815
1 0.17708333333333334 0.7 0.07083333333333333 0.04814814814814815
1 0.1875 0.6592592592592592 0.041666666666666664 0.09259259259259259
1 0.23333333333333334 0.6814814814814815 0.03125 0.08518518518518518