0 0.81875 0.6259259259259259 0.01875 0.02962962962962963
0 0.8791666666666667 0.6074074074074074 0.016666666666666666 0.022222222222222223
1 0.7145833333333333 0.7333333333333333 0.041666666666666664 0.10740740740740741
1 0.6645833333333333 0.6962962962962963 0.020833333333333332 0.05925925925925926
1 0.5916666666666667 0.7962962962962963 0.04583333333333333 0.16666666666666666
1 0.5375 0.7518518518518519 0.052083333333333336 0.13703703703703704
1 0.5166666666666667 0.774074074074074 0.0375 0.07777777777777778
1 0.5520833333333334 0.6925925925925925 0.041666666666666664 0.08888888888888889
1 0.5375 0.6814814814814815 0.029166666666666667 0.06296296296296296
1 0.022916666666666665 0.8703703703703703 0.04583333333333333 0.25555555555555554
1 0.24583333333333332 0.6703703703703704 0.03125 0.1037037037037037