0 0.81875 0.6259259259259259 0.01875 0.025925925925925925
0 0.8791666666666667 0.6074074074074074 0.016666666666666666 0.022222222222222223
1 0.7666666666666667 0.7407407407407407 0.03125 0.07777777777777778
1 0.7291666666666666 0.737037037037037 0.04791666666666667 0.08888888888888889
1 0.7458333333333333 0.725925925925926 0.04583333333333333 0.08888888888888889
1 0.7125 0.725925925925926 0.041666666666666664 0.09259259259259259
1 0.7020833333333333 0.7222222222222222 0.03125 0.08148148148148149
1 0.6979166666666666 0.7148148148148148 0.03958333333333333 0.0962962962962963
1 0.6916666666666667 0.7407407407407407 0.041666666666666664 0.08518518518518518
1 0.6770833333333334 0.7148148148148148 0.03333333333333333 0.06666666666666667
1 0.6416666666666667 0.7518518518518519 0.04375 0.12222222222222222
1 0.5708333333333333 0.762962962962963 0.05416666666666667 0.13333333333333333
1 0.59375 0.7592592592592593 0.03958333333333333 0.1259259259259259
1 0.6020833333333333 0.7222222222222222 0.03333333333333333 0.1037037037037037
1 0.5520833333333334 0.7296296296296296 0.041666666666666664 0.1111111111111111
1 0.5520833333333334 0.6777777777777778 0.04791666666666667 0.0962962962962963
1 0.55 0.7074074074074074 0.0375 0.11481481481481481
1 0.17708333333333334 0.662962962962963 0.07083333333333333 0.12962962962962962
1 0.19583333333333333 0.6814814814814815 0.07916666666666666 0.1
1 0.15 0.662962962962963 0.06666666666666667 0.11851851851851852
1 0.07291666666666667 0.6481481481481481 0.07291666666666667 0.12962962962962962
1 0.06458333333333334 0.6518518518518519 0.06458333333333334 0.1111111111111111
1 0.45416666666666666 0.7185185185185186 0.07708333333333334 0.10740740740740741