0 0.8791666666666667 0.6037037037037037 0.016666666666666666 0.018518518518518517
0 0.8229166666666666 0.6296296296296297 0.020833333333333332 0.02962962962962963
0 0.7645833333333333 0.6518518518518519 0.03125 0.037037037037037035
1 0.04375 0.7962962962962963 0.08541666666666667 0.17777777777777778
1 0.07708333333333334 0.6777777777777778 0.08958333333333333 0.08888888888888889
1 0.08333333333333333 0.6407407407407407 0.07291666666666667 0.07407407407407407
1 0.13541666666666666 0.6259259259259259 0.029166666666666667 0.044444444444444446
1 0.14791666666666667 0.6296296296296297 0.04375 0.040740740740740744
1 0.14583333333333334 0.6222222222222222 0.029166666666666667 0.040740740740740744
1 0.1625 0.6814814814814815 0.07083333333333333 0.12962962962962962
1 0.22083333333333333 0.7222222222222222 0.0625 0.1
1 0.2520833333333333 0.662962962962963 0.04791666666666667 0.08518518518518518
1 0.275 0.6777777777777778 0.0375 0.09259259259259259
1 0.3125 0.6962962962962963 0.03958333333333333 0.08148148148148149
1 0.32916666666666666 0.6814814814814815 0.058333333333333334 0.0962962962962963
1 0.5145833333333333 0.9148148148148149 0.1 0.16666666666666666
1 0.5625 0.8148148148148148 0.03958333333333333 0.2
1 0.45 0.7518518518518519 0.041666666666666664 0.07407407407407407
1 0.6291666666666667 0.8740740740740741 0.11041666666666666 0.24814814814814815
1 0.65 0.825925925925926 0.07083333333333333 0.05555555555555555
1 0.6916666666666667 0.7851851851851852 0.07291666666666667 0.08148148148148149
1 0.7916666666666666 0.774074074074074 0.05416666666666667 0.02962962962962963