0 0.7416666666666667 0.6481481481481481 0.029166666666666667 0.03333333333333333
0 0.8791666666666667 0.6037037037037037 0.016666666666666666 0.022222222222222223
1 0.6229166666666667 0.9407407407407408 0.08958333333333333 0.11481481481481481
1 0.5541666666666667 0.9074074074074074 0.05 0.1814814814814815
1 0.625 0.9 0.10625 0.17037037037037037
1 0.23333333333333334 0.8703703703703703 0.04583333333333333 0.17777777777777778
1 0.0375 0.837037037037037 0.075 0.14814814814814814
1 0.041666666666666664 0.7888888888888889 0.08125 0.1962962962962963
1 0.22708333333333333 0.6777777777777778 0.06875 0.08518518518518518
1 0.16666666666666666 0.674074074074074 0.035416666666666666 0.10740740740740741
1 0.12708333333333333 0.6259259259259259 0.0625 0.07037037037037037