0 0.8791666666666667 0.6074074074074074 0.016666666666666666 0.018518518518518517
0 0.81875 0.6259259259259259 0.01875 0.025925925925925925
1 0.7541666666666667 0.7407407407407407 0.025 0.08148148148148149
1 0.7395833333333334 0.7444444444444445 0.020833333333333332 0.07407407407407407
1 0.7166666666666667 0.7444444444444445 0.029166666666666667 0.08888888888888889
1 0.6708333333333333 0.7518518518518519 0.04583333333333333 0.11481481481481481
1 0.6833333333333333 0.7481481481481481 0.03333333333333333 0.1111111111111111
1 0.7 0.7185185185185186 0.027083333333333334 0.06666666666666667
1 0.6791666666666667 0.725925925925926 0.027083333333333334 0.08148148148148149
1 0.6354166666666666 0.725925925925926 0.041666666666666664 0.1037037037037037
1 0.6166666666666667 0.7222222222222222 0.03333333333333333 0.1111111111111111
1 0.64375 0.725925925925926 0.020833333333333332 0.09259259259259259
1 0.6541666666666667 0.6962962962962963 0.016666666666666666 0.037037037037037035
1 0.6583333333333333 0.7111111111111111 0.01875 0.04814814814814815
1 0.59375 0.7148148148148148 0.022916666666666665 0.1111111111111111
1 0.5625 0.6925925925925925 0.04375 0.1259259259259259
1 0.5458333333333333 0.7037037037037037 0.020833333333333332 0.1037037037037037
1 0.14375 0.6925925925925925 0.06666666666666667 0.07407407407407407
1 0.18125 0.7037037037037037 0.06458333333333334 0.05185185185185185
1 0.23125 0.6703703703703704 0.05625 0.1
1 0.25625 0.674074074074074 0.052083333333333336 0.08888888888888889