0 0.8791666666666667 0.6037037037037037 0.016666666666666666 0.018518518518518517
0 0.74375 0.6481481481481481 0.020833333333333332 0.025925925925925925
1 0.8020833333333334 0.7703703703703704 0.03958333333333333 0.02962962962962963
1 0.6541666666666667 0.9222222222222223 0.058333333333333334 0.15185185185185185
1 0.5791666666666667 0.9111111111111111 0.06666666666666667 0.17407407407407408
1 0.5833333333333334 0.9407407407407408 0.0625 0.11851851851851852
1 0.625 0.9 0.11041666666666666 0.12222222222222222
1 0.016666666666666666 0.8777777777777778 0.03125 0.2222222222222222
1 0.26666666666666666 0.6777777777777778 0.0375 0.08518518518518518
1 0.20208333333333334 0.674074074074074 0.03333333333333333 0.1
1 0.18333333333333332 0.6666666666666666 0.035416666666666666 0.11851851851851852
1 0.15416666666666667 0.6407407407407407 0.035416666666666666 0.06666666666666667