0 0.7666666666666667 0.6518518518518519 0.03125 0.03333333333333333
0 0.8229166666666666 0.6296296296296297 0.022916666666666665 0.025925925925925925
0 0.8791666666666667 0.6037037037037037 0.016666666666666666 0.022222222222222223
1 0.79375 0.7592592592592593 0.052083333333333336 0.040740740740740744
1 0.6604166666666667 0.7518518518518519 0.05625 0.10740740740740741
1 0.6479166666666667 0.8888888888888888 0.09375 0.17037037037037037
1 0.66875 0.9407407407407408 0.035416666666666666 0.11851851851851852
1 0.6729166666666667 0.8074074074074075 0.0375 0.022222222222222223
1 0.69375 0.762962962962963 0.05 0.06296296296296296
1 0.7354166666666667 0.7703703703703704 0.052083333333333336 0.02962962962962963
1 0.6145833333333334 0.674074074074074 0.05 0.07407407407407407
1 0.525 0.7666666666666667 0.04791666666666667 0.08888888888888889
1 0.5166666666666667 0.9111111111111111 0.08541666666666667 0.17777777777777778
1 0.5395833333333333 0.6851851851851852 0.022916666666666665 0.07777777777777778
1 0.010416666666666666 0.8222222222222222 0.01875 0.08518518518518518
1 0.20208333333333334 0.8222222222222222 0.09583333333333334 0.10740740740740741
1 0.27291666666666664 0.6666666666666666 0.029166666666666667 0.1037037037037037
1 0.2375 0.674074074074074 0.05625 0.1
1 0.18541666666666667 0.6777777777777778 0.03333333333333333 0.08518518518518518
1 0.11666666666666667 0.6259259259259259 0.041666666666666664 0.06666666666666667