0 0.8208333333333333 0.6222222222222222 0.010416666666666666 0.025925925925925925
1 0.21041666666666667 0.674074074074074 0.025 0.0962962962962963
1 0.13333333333333333 0.6481481481481481 0.06875 0.08888888888888889
1 0.09166666666666666 0.6 0.020833333333333332 0.07777777777777778
1 0.1875 0.8444444444444444 0.13125 0.2111111111111111
1 0.14375 0.8666666666666667 0.14375 0.17407407407407408
1 0.03958333333333333 0.9037037037037037 0.075 0.18888888888888888
1 0.4895833333333333 0.9222222222222223 0.0375 0.15555555555555556
1 0.5291666666666667 0.7962962962962963 0.025 0.13703703703703704
1 0.5833333333333334 0.8407407407407408 0.058333333333333334 0.15555555555555556
1 0.6604166666666667 0.8703703703703703 0.052083333333333336 0.15185185185185185
1 0.6895833333333333 0.7925925925925926 0.03958333333333333 0.037037037037037035
1 0.7270833333333333 0.7555555555555555 0.052083333333333336 0.04814814814814815
1 0.7854166666666667 0.7555555555555555 0.01875 0.05925925925925926
1 0.81875 0.762962962962963 0.04375 0.07407407407407407
1 0.7604166666666666 0.7518518518518519 0.03125 0.05925925925925926