0 0.81875 0.6259259259259259 0.01875 0.02962962962962963
0 0.8791666666666667 0.6074074074074074 0.016666666666666666 0.022222222222222223
1 0.6958333333333333 0.7555555555555555 0.05416666666666667 0.0962962962962963
1 0.5979166666666667 0.8111111111111111 0.08958333333333333 0.16666666666666666
1 0.49375 0.7666666666666667 0.06666666666666667 0.14814814814814814
1 0.42083333333333334 0.7111111111111111 0.03125 0.08518518518518518
1 0.24166666666666667 0.6925925925925925 0.052083333333333336 0.11481481481481481
1 0.17708333333333334 0.6592592592592592 0.04583333333333333 0.11481481481481481
1 0.0125 0.674074074074074 0.025 0.1037037037037037
1 0.052083333333333336 0.6370370370370371 0.04791666666666667 0.12222222222222222
1 0.09375 0.6444444444444445 0.04583333333333333 0.11481481481481481
1 0.125 0.6259259259259259 0.052083333333333336 0.12962962962962962