0 0.8791666666666667 0.6074074074074074 0.016666666666666666 0.022222222222222223
1 0.6229166666666667 0.9 0.052083333333333336 0.16666666666666666
1 0.5916666666666667 0.8518518518518519 0.07291666666666667 0.14074074074074075
1 0.5270833333333333 0.9074074074074074 0.058333333333333334 0.17037037037037037
1 0.6791666666666667 0.8444444444444444 0.025 0.11481481481481481
1 0.016666666666666666 0.9407407407407408 0.03333333333333333 0.11851851851851852
1 0.01875 0.8444444444444444 0.035416666666666666 0.11851851851851852
1 0.26458333333333334 0.6592592592592592 0.06041666666666667 0.08888888888888889
1 0.20208333333333334 0.6444444444444445 0.041666666666666664 0.08148148148148149
1 0.5291666666666667 0.6703703703703704 0.008333333333333333 0.037037037037037035
1 0.5333333333333333 0.6814814814814815 0.016666666666666666 0.05925925925925926
0 0.73125 0.6444444444444445 0.035416666666666666 0.04814814814814815