0 0.81875 0.6259259259259259 0.01875 0.02962962962962963
0 0.8791666666666667 0.6074074074074074 0.016666666666666666 0.022222222222222223
1 0.8375 0.7555555555555555 0.041666666666666664 0.08518518518518518
1 0.8625 0.7555555555555555 0.020833333333333332 0.02962962962962963
1 0.7479166666666667 0.7592592592592593 0.03333333333333333 0.04814814814814815
1 0.7770833333333333 0.7518518518518519 0.041666666666666664 0.05185185185185185
1 0.5104166666666666 0.937037037037037 0.08333333333333333 0.08888888888888889
1 0.19166666666666668 0.9407407407407408 0.10416666666666667 0.08888888888888889
1 0.020833333333333332 0.8703703703703703 0.041666666666666664 0.22592592592592592
1 0.2520833333333333 0.6925925925925925 0.029166666666666667 0.10740740740740741
1 0.23333333333333334 0.6592592592592592 0.06458333333333334 0.07407407407407407