1 0.00625 0.7962962962962963 0.0125 0.05555555555555555
1 0.14791666666666667 0.6925925925925925 0.08125 0.11851851851851852
1 0.21666666666666667 0.7037037037037037 0.06666666666666667 0.09259259259259259
1 0.13333333333333333 0.674074074074074 0.05 0.09259259259259259
1 0.09166666666666666 0.6222222222222222 0.0375 0.05555555555555555
1 0.10833333333333334 0.6148148148148148 0.020833333333333332 0.044444444444444446
1 0.12083333333333333 0.6185185185185185 0.01875 0.037037037037037035
1 0.14166666666666666 0.6222222222222222 0.03333333333333333 0.037037037037037035
1 0.5458333333333333 0.9222222222222223 0.15416666666666667 0.15185185185185185
1 0.6645833333333333 0.9296296296296296 0.04375 0.13703703703703704
1 0.5604166666666667 0.8185185185185185 0.11458333333333333 0.12222222222222222
1 0.5458333333333333 0.9111111111111111 0.0875 0.17777777777777778
1 0.58125 0.674074074074074 0.052083333333333336 0.09259259259259259
1 0.5979166666666667 0.7185185185185186 0.05 0.08888888888888889
1 0.5979166666666667 0.7333333333333333 0.04375 0.08888888888888889
1 0.6041666666666666 0.7481481481481481 0.04583333333333333 0.0962962962962963
1 0.6708333333333333 0.7555555555555555 0.06458333333333334 0.1
1 0.63125 0.8703703703703703 0.058333333333333334 0.1
1 0.675 0.837037037037037 0.04583333333333333 0.08148148148148149
1 0.7083333333333334 0.7777777777777778 0.027083333333333334 0.037037037037037035
1 0.7729166666666667 0.7666666666666667 0.0375 0.02962962962962963
1 0.8020833333333334 0.7666666666666667 0.041666666666666664 0.02962962962962963
1 0.7270833333333333 0.774074074074074 0.03958333333333333 0.02962962962962963
0 0.7645833333333333 0.6518518518518519 0.03333333333333333 0.037037037037037035
0 0.8229166666666666 0.6259259259259259 0.020833333333333332 0.025925925925925925
0 0.8791666666666667 0.6074074074074074 0.014583333333333334 0.018518518518518517
1 0.6458333333333334 0.7037037037037037 0.03333333333333333 0.07037037037037037