0 0.8229166666666666 0.6259259259259259 0.020833333333333332 0.02962962962962963
0 0.8791666666666667 0.6037037037037037 0.014583333333333334 0.018518518518518517
1 0.6645833333333333 0.8703703703703703 0.13541666666666666 0.25555555555555554
1 0.6229166666666667 0.8888888888888888 0.10416666666666667 0.17777777777777778
1 0.7 0.7888888888888889 0.11458333333333333 0.08888888888888889
1 0.7958333333333333 0.7666666666666667 0.027083333333333334 0.037037037037037035
1 0.8208333333333333 0.762962962962963 0.022916666666666665 0.040740740740740744
1 0.8333333333333334 0.774074074074074 0.020833333333333332 0.037037037037037035
1 0.8208333333333333 0.7592592592592593 0.0125 0.04814814814814815
1 0.04583333333333333 0.8888888888888888 0.09166666666666666 0.2111111111111111
1 0.05625 0.8740740740740741 0.11041666666666666 0.15185185185185185
1 0.041666666666666664 0.7703703703703704 0.08125 0.0962962962962963
1 0.18125 0.6962962962962963 0.09375 0.12962962962962962
1 0.1125 0.6851851851851852 0.029166666666666667 0.09259259259259259
1 0.08125 0.6148148148148148 0.025 0.05555555555555555
1 0.09791666666666667 0.6148148148148148 0.020833333333333332 0.05185185185185185
1 0.11458333333333333 0.6222222222222222 0.016666666666666666 0.05185185185185185
1 0.14791666666666667 0.6296296296296297 0.04375 0.040740740740740744
1 0.1375 0.6148148148148148 0.027083333333333334 0.037037037037037035