0 0.8791666666666667 0.6074074074074074 0.016666666666666666 0.018518518518518517
0 0.8270833333333333 0.6222222222222222 0.01875 0.025925925925925925
1 0.81875 0.7666666666666667 0.0375 0.05555555555555555
1 0.6666666666666666 0.8888888888888888 0.025 0.07037037037037037
1 0.6270833333333333 0.9074074074074074 0.05625 0.15555555555555556
1 0.5270833333333333 0.9037037037037037 0.05625 0.16666666666666666
1 0.5333333333333333 0.6851851851851852 0.01875 0.05925925925925926
1 0.5291666666666667 0.6703703703703704 0.00625 0.025925925925925925
1 0.03333333333333333 0.8962962962962963 0.06458333333333334 0.2037037037037037
1 0.23333333333333334 0.6666666666666666 0.041666666666666664 0.07407407407407407
1 0.19166666666666668 0.6666666666666666 0.04375 0.07777777777777778