0 0.8791666666666667 0.6074074074074074 0.016666666666666666 0.022222222222222223
0 0.81875 0.6259259259259259 0.01875 0.025925925925925925
1 0.7083333333333334 0.7333333333333333 0.05 0.1
1 0.6729166666666667 0.737037037037037 0.052083333333333336 0.1037037037037037
1 0.6645833333333333 0.725925925925926 0.04583333333333333 0.0962962962962963
1 0.5041666666666667 0.7444444444444445 0.05 0.12962962962962962
1 0.5354166666666667 0.725925925925926 0.04375 0.1111111111111111
1 0.53125 0.6444444444444445 0.0125 0.037037037037037035
1 0.5104166666666666 0.7222222222222222 0.0375 0.08518518518518518
1 0.5416666666666666 0.7185185185185186 0.025 0.09259259259259259
1 0.18333333333333332 0.7 0.06041666666666667 0.04814814814814815
1 0.175 0.6814814814814815 0.07708333333333334 0.07037037037037037
1 0.06875 0.6481481481481481 0.06875 0.1