1 0.6291666666666667 0.6777777777777778 0.041666666666666664 0.07037037037037037
0 0.8229166666666666 0.6296296296296297 0.022916666666666665 0.02962962962962963
0 0.8791666666666667 0.6037037037037037 0.016666666666666666 0.022222222222222223
1 0.6604166666666667 0.8629629629629629 0.06041666666666667 0.14814814814814814
1 0.8291666666666667 0.774074074074074 0.027083333333333334 0.044444444444444446
1 0.78125 0.7703703703703704 0.04583333333333333 0.025925925925925925
1 0.5291666666666667 0.9185185185185185 0.11458333333333333 0.15925925925925927
1 0.06666666666666667 0.8296296296296296 0.13333333333333333 0.2074074074074074
1 0.03958333333333333 0.9148148148148149 0.07916666666666666 0.16666666666666666
1 0.18333333333333332 0.7111111111111111 0.035416666666666666 0.05185185185185185
1 0.1125 0.6814814814814815 0.07083333333333333 0.11481481481481481
1 0.025 0.6555555555555556 0.05 0.1
1 0.10208333333333333 0.6148148148148148 0.029166666666666667 0.037037037037037035
1 0.09583333333333334 0.6 0.022916666666666665 0.022222222222222223
1 0.07291666666666667 0.6074074074074074 0.01875 0.05555555555555555
1 0.15 0.6296296296296297 0.041666666666666664 0.06296296296296296