0 0.34190624999999997 0.6256041666666667 0.01103125 0.04902083333333333
0 0.349953125 0.6173333333333333 0.008734374999999999 0.0410625
0 0.360296875 0.6133541666666668 0.008265625 0.035541666666666666
0 0.39453125 0.6197916666666666 0.008734374999999999 0.037375000000000005
0 0.37890625 0.6513541666666666 0.010562499999999999 0.03920833333333333
0 0.4113125 0.6151875 0.007359375 0.035541666666666666
0 0.43726562500000005 0.6164166666666666 0.011484375 0.03308333333333333
0 0.47128125 0.69025 0.010562499999999999 0.04841666666666666
0 0.504359375 0.6688124999999999 0.015171875000000001 0.05454166666666667
0 0.32353125 0.8085208333333332 0.017468749999999998 0.058208333333333334
0 0.41751562499999995 0.8440624999999999 0.013328125 0.058208333333333334
0 0.24678125 0.8725416666666667 0.016546875 0.06616666666666667
0 0.16475 0.9126875 0.017921875 0.06802083333333334
0 0.043890625 0.9488333333333333 0.015171875000000001 0.030020833333333333
0 0.058828124999999995 0.9561875000000001 0.016546875 0.025125
0 0.077890625 0.9534374999999999 0.017921875 0.025729166666666668
0 0.008265625 0.9154375 0.016546875 0.0526875
0 0.27528125000000003 0.9546666666666667 0.011953125 0.020833333333333332
0 0.29571875 0.9586458333333333 0.01884375 0.012875
0 0.336859375 0.9537291666666667 0.011953125 0.027583333333333335
0 0.351328125 0.953125 0.013328125 0.028791666666666667
0 0.3658125 0.950375 0.011953125 0.03185416666666666
0 0.4011875 0.9405625000000001 0.014703125000000001 0.05514583333333333
0 0.383046875 0.9423958333333334 0.015171875000000001 0.0465625
0 0.4609375 0.9528125000000001 0.017468749999999998 0.029416666666666664
0 0.69278125 0.8406874999999999 0.017 0.06127083333333334
0 0.96346875 0.8026875 0.017921875 0.06372916666666667
0 0.9354374999999999 0.9234166666666667 0.022515625 0.03920833333333333
0 0.94646875 0.758875 0.010562499999999999 0.0435
0 0.93496875 0.7484583333333333 0.013328125 0.03370833333333333
0 0.7961875 0.6620625 0.010562499999999999 0.03247916666666666
0 0.8157187499999999 0.6648333333333334 0.01378125 0.042895833333333334