0 0.44995312500000006 0.6286666666666666 0.01140625 0.03885416666666666
0 0.41765625 0.657375 0.012671874999999999 0.04560416666666667
0 0.236484375 0.6024791666666667 0.007593750000000001 0.036041666666666666
0 0.4765625 0.6275416666666668 0.01225 0.043354166666666666
0 0.521109375 0.625 0.013515625 0.04841666666666666
0 0.7966562500000001 0.6638541666666666 0.008875 0.03266666666666666
0 0.8084843749999999 0.666375 0.01140625 0.03660416666666667
0 0.82390625 0.6672291666666667 0.016046875 0.03716666666666667
0 0.82559375 0.6190833333333334 0.015203125000000001 0.034354166666666665
0 0.8716250000000001 0.7133958333333333 0.011828125 0.03491666666666667
0 0.88471875 0.7156458333333333 0.014359374999999999 0.03266666666666666
0 0.97234375 0.7725208333333333 0.01140625 0.03154166666666667
0 0.984375 0.7719583333333334 0.012671874999999999 0.03716666666666667
0 0.7143125 0.909625 0.01984375 0.07602083333333334
0 0.7390156250000001 0.9138541666666666 0.02703125 0.0641875
0 0.9890156250000001 0.9228541666666668 0.021953125 0.04504166666666667
0 0.490703125 0.873875 0.022796875 0.07433333333333333
0 0.5553281250000001 0.8406458333333333 0.018578125 0.0630625
0 0.18559375 0.8035 0.015625 0.0664375
0 0.172296875 0.8082708333333334 0.012671874999999999 0.059125
0 0.20565625 0.6883541666666667 0.012671874999999999 0.02420833333333333
0 0.142953125 0.835875 0.0173125 0.06475
0 0.1484375 0.8319166666666666 0.015625 0.068125
0 0.118875 0.8316458333333333 0.0173125 0.07320833333333333
0 0.040125 0.8372708333333333 0.019421874999999998 0.050666666666666665
0 0.050890625 0.811375 0.01140625 0.03266666666666666
0 0.0635625 0.8156041666666667 0.01225 0.04785416666666666
0 0.076015625 0.7933541666666667 0.012671874999999999 0.036041666666666666
0 0.09037500000000001 0.7761875 0.013515625 0.03660416666666667
0 0.10114062500000001 0.7632291666666667 0.01225 0.03660416666666667
0 0.11867187500000001 0.9532708333333333 0.015203125000000001 0.024770833333333336
0 0.142734375 0.9541041666666668 0.010984375000000001 0.023083333333333334
0 0.13978125 0.9498958333333333 0.012671874999999999 0.030395833333333334