0 0.390109375 0.5944375 0.011453125 0.0305625
0 0.359890625 0.6201458333333334 0.014578125 0.04027083333333333
0 0.33984375 0.6100625 0.011984375 0.04097916666666667
0 0.39140625 0.6416666666666667 0.013015625 0.026395833333333334
0 0.404421875 0.6433958333333333 0.0109375 0.03402083333333333
0 0.467453125 0.7569374999999999 0.0109375 0.05972916666666667
0 0.47265625 0.7576458333333334 0.009890625 0.06389583333333333
0 0.3578125 0.7274375000000001 0.010421875 0.05902083333333333
0 0.3421875 0.7298541666666666 0.010421875 0.056937499999999995
0 0.33464062499999997 0.70625 0.013015625 0.05
0 0.315359375 0.7086875 0.013015625 0.052083333333333336
0 0.26432812499999997 0.7048541666666667 0.016140625 0.05
0 0.25 0.7038125 0.009375 0.04791666666666667
0 0.2359375 0.7003541666666667 0.011453125 0.04375
0 0.24140625 0.7350625 0.0203125 0.0381875
0 0.22057812499999999 0.7267291666666666 0.013015625 0.03958333333333333
0 0.20442187500000003 0.7267291666666666 0.011984375 0.029854166666666668
0 0.191921875 0.678125 0.016140625 0.05902083333333333
0 0.188796875 0.7243125 0.019265625 0.029166666666666667
0 0.162765625 0.9090208333333333 0.021359375 0.05277083333333333
0 0.04375 0.9479166666666666 0.017703125 0.0375
0 0.061984375 0.9545208333333334 0.014578125 0.028479166666666667
0 0.08046875 0.9555625 0.0140625 0.023604166666666666
0 0.094015625 0.9576458333333334 0.013015625 0.016666666666666666
0 0.292453125 0.9576458333333334 0.016140625 0.0180625
0 0.36328125 0.95 0.0171875 0.0319375
0 0.381765625 0.9420208333333334 0.015625 0.050687499999999996
0 0.40078125 0.9399375 0.0171875 0.04791666666666667
0 0.486984375 0.9319375 0.023953125 0.06527083333333333
0 0.665109375 0.9163125 0.017703125 0.05347916666666667
0 0.679421875 0.9194375 0.0171875 0.04027083333333333
0 0.675265625 0.86875 0.019265625 0.06527083333333333
0 0.8875 0.8857708333333334 0.014578125 0.04791666666666667
0 0.901828125 0.8878541666666667 0.018234375 0.052083333333333336
0 0.9208281250000001 0.8847291666666667 0.020828125 0.0555625
0 0.9333281250000001 0.8791666666666667 0.014578125 0.05
0 0.819796875 0.6663125 0.016671875 0.04097916666666667
0 0.801296875 0.6631874999999999 0.0171875 0.036104166666666666