0 0.178265625 0.680875 0.01278125 0.05491666666666666
0 0.18834375 0.6793125 0.0161875 0.043145833333333335
0 0.20592187499999998 0.6778333333333334 0.01228125 0.047625
0 0.21121875 0.6272291666666666 0.008375 0.043145833333333335
0 0.22712500000000002 0.6179375 0.008921875 0.0394375
0 0.21903125 0.6179375 0.0072499999999999995 0.0394375
0 0.34459375 0.8266458333333334 0.015062500000000001 0.0550625
0 0.326453125 0.8058125 0.015625 0.052083333333333336
0 0.388109375 0.6302083333333334 0.012828125000000001 0.044645833333333336
0 0.4176875 0.6488125 0.015062500000000001 0.043145833333333335
0 0.53571875 0.624625 0.013390625 0.04539583333333333
0 0.5078125 0.5918958333333334 0.010046875 0.020083333333333335
0 0.520640625 0.5907708333333334 0.010046875 0.0238125