0 0.3155625 0.6603333333333333 0.017296875 0.04835416666666667
0 0.38225 0.5863125 0.010046875 0.029770833333333333
0 0.368578125 0.6640625 0.013953125 0.04091666666666667
0 0.380015625 0.6967916666666666 0.010046875 0.030500000000000003
0 0.532359375 0.6227708333333334 0.01228125 0.0401875
0 0.539625 0.6197916666666666 0.01228125 0.043145833333333335
0 0.60184375 0.7094583333333334 0.013953125 0.051333333333333335
0 0.61384375 0.7090833333333334 0.013390625 0.058041666666666665
0 0.63309375 0.7094583333333334 0.01953125 0.0543125
0 0.590953125 0.8002291666666667 0.013390625 0.0558125
0 0.608265625 0.8009583333333333 0.015625 0.06175
0 0.642296875 0.8165833333333333 0.01896875 0.0558125
0 0.9196406250000001 0.7942708333333334 0.015625 0.06175