0 0.5201875 0.6154583333333333 0.015625 0.045145833333333336
0 0.5423125 0.6918333333333333 0.018234375 0.0538125
0 0.591703125 0.6009166666666667 0.010249999999999999 0.027666666666666666
0 0.5817187500000001 0.6439583333333334 0.0128125 0.029708333333333333
0 0.5683906249999999 0.6391666666666667 0.0128125 0.0235625
0 0.47809375000000004 0.6495833333333334 0.015625 0.02664583333333333
0 0.461703125 0.6483958333333334 0.014093749999999999 0.022208333333333333
0 0.318640625 0.7351458333333334 0.015375 0.05566666666666666
0 0.341703125 0.7364999999999999 0.01178125 0.03927083333333334
0 0.35565625 0.7371875 0.01153125 0.042687499999999996
0 0.344640625 0.7677499999999999 0.016140625 0.043041666666666666
0 0.3776875 0.8029375000000001 0.021265625 0.035520833333333335
0 0.18839062499999998 0.9112083333333333 0.013578125 0.04439583333333333
0 0.168546875 0.9096666666666666 0.015375 0.04747916666666666
0 0.14984375 0.9091458333333333 0.01946875 0.04645833333333334
0 0.319796875 0.9282708333333333 0.01203125 0.04029166666666666
0 0.32684375 0.9187083333333333 0.01178125 0.039625
0 0.346703125 0.9335625000000001 0.0079375 0.057041666666666664
0 0.33325 0.9436458333333333 0.0128125 0.030729166666666665
0 0.9199531249999999 0.7657083333333333 0.02228125 0.03141666666666667