0 0.38887499999999997 0.5807291666666666 0.010546875 0.03854166666666667
0 0.354296875 0.5901041666666667 0.009375 0.03958333333333333
0 0.36328125 0.590375 0.009375 0.03697916666666667
0 0.35546875 0.6286458333333333 0.01171875 0.041666666666666664
0 0.3560625 0.6820416666666667 0.012109375 0.0453125
0 0.297859375 0.6427083333333333 0.011328125 0.04479166666666667
0 0.308015625 0.6304791666666667 0.011328125 0.050520833333333334
0 0.391796875 0.6252708333333333 0.0140625 0.04739583333333333
0 0.4046875 0.6260416666666667 0.0109375 0.04375
0 0.413875 0.6273541666666667 0.008984375 0.0421875
0 0.42421875 0.6276041666666666 0.009375 0.04375
0 0.52421875 0.6875 0.01640625 0.028125
0 0.545125 0.6825625 0.017578125 0.0328125
0 0.782234375 0.7143333333333334 0.015234375 0.0578125
0 0.812890625 0.721875 0.0140625 0.046875
0 0.709578125 0.859125 0.029296875 0.0671875
0 0.159765625 0.8494791666666667 0.01484375 0.06041666666666667
0 0.147859375 0.8471458333333334 0.012109375 0.0609375
0 0.051765625 0.8414166666666667 0.026171875 0.07135416666666666
0 0.064453125 0.8268333333333333 0.02734375 0.06197916666666667
0 0.14453125 0.7302083333333333 0.01796875 0.0375