0 0.39470312500000004 0.5819375 0.007765625 0.03879166666666667
0 0.386328125 0.5856875 0.0078125 0.033854166666666664
0 0.376765625 0.584125 0.008984375 0.033854166666666664
0 0.465828125 0.7002708333333333 0.018359375 0.0359375
0 0.5779375 0.6492291666666666 0.018359375 0.03697916666666667
0 0.6935625 0.6002708333333333 0.013671875 0.03697916666666667
0 0.836921875 0.6346458333333334 0.008984375 0.0328125
0 0.846484375 0.6398541666666666 0.01015625 0.022395833333333334
0 0.820703125 0.7263125 0.0109375 0.0296875
0 0.8328125 0.7289166666666667 0.01015625 0.03177083333333333
0 0.744140625 0.7802083333333333 0.02578125 0.03333333333333333
0 0.786921875 0.9015625 0.019921875 0.051041666666666666
0 0.815046875 0.8963541666666667 0.015234375 0.04791666666666667
0 0.830671875 0.9002708333333334 0.012109375 0.0453125
0 0.8435625 0.881 0.012890625 0.043229166666666666
0 0.941796875 0.8804791666666667 0.0234375 0.044270833333333336
0 0.96875 0.8140625 0.01328125 0.05
0 0.712109375 0.91875 0.02421875 0.05416666666666667
0 0.688875 0.9125 0.016015625 0.051041666666666666
0 0.66015625 0.9223958333333333 0.02734375 0.04791666666666667
0 0.62871875 0.927875 0.026171875 0.05572916666666667
0 0.583203125 0.8325625 0.0203125 0.0546875
0 0.11934375 0.83125 0.016796875 0.06145833333333333
0 0.095125 0.8179791666666667 0.018359375 0.06927083333333334
0 0.738484375 0.609125 0.013671875 0.0328125