0 0.269765625 0.6109166666666667 0.012875000000000001 0.042895833333333334
0 0.309046875 0.6712708333333333 0.01240625 0.05454166666666667
0 0.341453125 0.6369583333333334 0.0091875 0.03125
0 0.355234375 0.640625 0.012875000000000001 0.026354166666666668
0 0.40440624999999997 0.7380416666666666 0.012875000000000001 0.04472916666666667
0 0.42232812500000005 0.7386666666666667 0.015625 0.042270833333333334
0 0.575140625 0.690875 0.015171875000000001 0.052083333333333336
0 0.536078125 0.637875 0.013328125 0.044125
0 0.5765156250000001 0.6421666666666667 0.008734374999999999 0.03308333333333333
0 0.588 0.6452291666666666 0.010562499999999999 0.03308333333333333
0 0.719984375 0.603625 0.009046875 0.038375000000000006
0 0.707234375 0.6074583333333333 0.01315625 0.037270833333333336
0 0.696546875 0.6792708333333334 0.014796875000000001 0.038375000000000006
0 0.714640625 0.677625 0.014796875000000001 0.035083333333333334
0 0.731078125 0.7785 0.019734375000000002 0.035083333333333334
0 0.749171875 0.7790625 0.011515625 0.034
0 0.8352499999999999 0.8422083333333333 0.019765625000000002 0.059437500000000004
0 0.847421875 0.9019583333333333 0.0091875 0.057604166666666665
0 0.8377812499999999 0.8982916666666667 0.008265625 0.06127083333333334
0 0.81640625 0.90625 0.01240625 0.06495833333333333
0 0.827890625 0.9068541666666667 0.01240625 0.06004166666666667
0 0.79159375 0.9044166666666666 0.011484375 0.06495833333333333
0 0.7125468749999999 0.91575 0.024359375 0.05697916666666667
0 0.6895625 0.915125 0.017921875 0.05575
0 0.6668125 0.9224791666666667 0.014703125000000001 0.04841666666666666
0 0.6507343750000001 0.919125 0.014703125000000001 0.056374999999999995
0 0.6300625 0.92525 0.021140625 0.056374999999999995
0 0.48321875 0.9013541666666666 0.017921875 0.06495833333333333
0 0.241734375 0.9384166666666667 0.017468749999999998 0.04841666666666666
0 0.20634375 0.8229166666666666 0.02021875 0.051479166666666666
0 0.176015625 0.8557083333333334 0.02021875 0.07045833333333333
0 0.148671875 0.8465 0.017 0.07045833333333333