0 0.580359375 0.64175 0.014515624999999999 0.033479166666666664
0 0.595984375 0.64175 0.014515624999999999 0.0394375
0 0.390625 0.5881666666666666 0.01115625 0.027520833333333335
0 0.79296875 0.6614583333333334 0.014515624999999999 0.034229166666666665
0 0.806640625 0.65625 0.012828125000000001 0.0401875
0 0.8192031249999999 0.6622083333333334 0.01228125 0.025291666666666667
0 0.9737656250000001 0.9036458333333334 0.015625 0.0379375
0 0.986328125 0.9014166666666666 0.010609375 0.036458333333333336
0 0.9958125000000001 0.9047708333333334 0.008375 0.035708333333333335
0 0.6244375 0.9557291666666666 0.021203125 0.021583333333333333
0 0.45201562500000003 0.9274583333333334 0.021203125 0.04835416666666667
0 0.4213125 0.9315416666666666 0.025671875 0.034229166666666665
0 0.29325 0.9419583333333333 0.018421874999999997 0.049104166666666664
0 0.275953125 0.936375 0.018421874999999997 0.04539583333333333
0 0.36775 0.8061666666666666 0.022328124999999997 0.043895833333333335
0 0.1905625 0.9352708333333334 0.0161875 0.044645833333333336
0 0.166578125 0.9136875 0.013953125 0.05654166666666667
0 0.1833125 0.9122083333333334 0.013953125 0.046125
0 0.22181250000000002 0.688625 0.0161875 0.046875
0 0.22935937499999998 0.6800625 0.01228125 0.0401875