0 0.365234375 0.6129583333333334 0.013671875 0.03841666666666667
0 0.391359375 0.6123125 0.0131875 0.043625000000000004
0 0.5124531250000001 0.6692708333333334 0.01415625 0.052083333333333336
0 0.56884375 0.6539791666666667 0.01171875 0.035812500000000004
0 0.5427187499999999 0.708 0.017093749999999998 0.06966666666666667
0 0.5598124999999999 0.7115833333333333 0.0131875 0.05339583333333333
0 0.56884375 0.7096458333333333 0.01075 0.044270833333333336
0 0.7976093750000001 0.661125 0.011234375000000001 0.030604166666666665
0 0.8090781249999999 0.6643958333333334 0.009765625 0.030604166666666665
0 0.821296875 0.668625 0.01171875 0.03125
0 0.8745156250000001 0.7122499999999999 0.01075 0.02735416666666667
0 0.8842812500000001 0.713875 0.0078125 0.035812500000000004
0 0.41381249999999997 0.5957083333333333 0.0131875 0.029958333333333333
0 0.6069375 0.8385416666666666 0.013671875 0.057291666666666664
0 0.618171875 0.8343125 0.013671875 0.0670625
0 0.645515625 0.9059166666666666 0.018562500000000003 0.06445833333333334
0 0.7917500000000001 0.901375 0.0131875 0.03970833333333333
0 0.8081093750000001 0.8994166666666668 0.017578125 0.04883333333333333
0 0.17090624999999998 0.8069583333333333 0.01171875 0.059250000000000004
0 0.1589375 0.8033958333333333 0.008296874999999999 0.05339583333333333
0 0.140875 0.8277916666666666 0.017093749999999998 0.05533333333333333
0 0.121828125 0.8320416666666667 0.01415625 0.0625
0 0.043953124999999996 0.8209583333333333 0.018562500000000003 0.033854166666666664
0 0.06029687500000001 0.8086041666666667 0.010249999999999999 0.040375
0 0.073 0.7913333333333333 0.0131875 0.03841666666666667
0 0.037109375 0.9560625 0.020515625000000003 0.017583333333333333
0 0.11962500000000001 0.9537708333333333 0.013671875 0.026041666666666668
0 0.13940625 0.9518125000000001 0.020999999999999998 0.0325625