0 0.3430625 0.6381666666666667 0.01240625 0.027583333333333335
0 0.356390625 0.6403125000000001 0.013328125 0.023291666666666665
0 0.41360937499999995 0.6136666666666667 0.012875000000000001 0.0410625
0 0.43290625 0.6724791666666667 0.015625 0.052083333333333336
0 0.5765156250000001 0.6292916666666667 0.00965625 0.0465625
0 0.5489375 0.6776875 0.015171875000000001 0.041666666666666664
0 0.91934375 0.8832708333333333 0.02803125 0.05697916666666667
0 0.710015625 0.9166666666666666 0.0220625 0.04533333333333334
0 0.68934375 0.9231041666666666 0.018375 0.05697916666666667
0 0.668421875 0.9255416666666666 0.0206875 0.052083333333333336
0 0.6484375 0.9160625 0.019296874999999998 0.04902083333333333
0 0.629140625 0.9304583333333334 0.018375 0.06310416666666667
0 0.50596875 0.9338333333333334 0.02665625 0.06739583333333334
0 0.47334375 0.9224791666666667 0.022984375 0.08639583333333332
0 0.4545 0.9234166666666667 0.015625 0.06739583333333334
0 0.37890625 0.8167916666666667 0.025281249999999998 0.06739583333333334
0 0.34950000000000003 0.8125 0.019765625000000002 0.057604166666666665
0 0.14315625 0.902875 0.0234375 0.05697916666666667
0 0.112125 0.8887916666666666 0.022984375 0.07414583333333334
0 0.208875 0.693625 0.022515625 0.051479166666666666
0 0.538828125 0.5793541666666666 0.013328125 0.03491666666666667