0 0.5163593750000001 0.6285833333333334 0.01415625 0.04102083333333333
0 0.46778125 0.7226666666666667 0.012703125000000001 0.0546875
0 0.44556250000000003 0.7161458333333334 0.016109375000000002 0.0638125
0 0.232171875 0.6263124999999999 0.015140625 0.05339583333333333
0 0.223875 0.6237083333333333 0.010249999999999999 0.0390625
0 0.328125 0.6240208333333332 0.01171875 0.042312499999999996
0 0.341546875 0.6285833333333334 0.01415625 0.04622916666666667
0 0.35815625 0.6295625 0.0131875 0.041666666666666664
0 0.37084375 0.6204375 0.012203124999999999 0.04558333333333333
0 0.5153749999999999 0.8987708333333334 0.021968750000000002 0.0735625
0 0.5354062500000001 0.8818333333333332 0.017093749999999998 0.07227083333333333
0 0.5546875 0.8844375 0.016609375000000003 0.06314583333333333
0 0.5966875 0.8935625 0.021484375 0.06314583333333333
0 0.57275 0.953125 0.016609375000000003 0.02475
0 0.20606249999999998 0.8844375 0.0234375 0.0670625