0 0.36640625 0.5830833333333333 0.01171875 0.0359375
0 0.341796875 0.6174583333333333 0.0078125 0.044270833333333336
0 0.350203125 0.6325625 0.006640625 0.033854166666666664
0 0.36075 0.6263124999999999 0.009765625 0.0421875
0 0.3765625 0.62475 0.009375 0.0453125
0 0.39453125 0.6317708333333333 0.0109375 0.041666666666666664
0 0.415828125 0.6257916666666666 0.009765625 0.0421875
0 0.42559375 0.6526041666666667 0.009765625 0.04375
0 0.5265625 0.6302083333333334 0.01015625 0.03958333333333333
0 0.533796875 0.6270833333333333 0.009765625 0.042708333333333334
0 0.540046875 0.621875 0.008984375 0.041666666666666664
0 0.54609375 0.61875 0.01015625 0.04375
0 0.554296875 0.6195416666666667 0.00859375 0.04635416666666667
0 0.586921875 0.6200625 0.012890625 0.04114583333333333
0 0.638484375 0.62475 0.008984375 0.0390625
0 0.74140625 0.6151041666666667 0.009375 0.03958333333333333
0 0.922078125 0.9197916666666667 0.021484375 0.06666666666666667
0 0.06015625 0.815375 0.021875 0.03697916666666667
0 0.166796875 0.8807291666666667 0.0203125 0.08229166666666667
0 0.19278125 0.9588541666666667 0.012890625 0.01875