0 0.03975 0.9577291666666666 0.035390624999999995 0.019604166666666666
0 0.134421875 0.8679583333333334 0.019765625000000002 0.07414583333333334
0 0.157859375 0.862125 0.019765625000000002 0.06862499999999999
0 0.027796875 0.856 0.019765625000000002 0.0625
0 0.062046875 0.8262916666666666 0.02021875 0.06679166666666667
0 0.08065625 0.8085208333333332 0.01884375 0.07291666666666667
0 0.095125 0.787375 0.016546875 0.056374999999999995
0 0.118109375 0.7855416666666667 0.014703125000000001 0.0625
0 0.387875 0.731 0.014703125000000001 0.06616666666666667
0 0.4055625 0.7346874999999999 0.017 0.05883333333333333
0 0.47632812500000005 0.8694791666666667 0.021593750000000002 0.06616666666666667
0 0.46392187500000004 0.6151875 0.010562499999999999 0.038
0 0.5218281250000001 0.612125 0.014249999999999999 0.03308333333333333
0 0.43496875 0.6102916666666667 0.006890625 0.03920833333333333
0 0.4466875 0.5995625 0.01103125 0.03983333333333334
0 0.40740625 0.5983541666666666 0.0078125 0.03370833333333333
0 0.393375 0.5968125000000001 0.008265625 0.02695833333333333
0 0.38096874999999997 0.5916041666666667 0.01103125 0.025125
0 0.6937031250000001 0.7046666666666667 0.013328125 0.0526875