0 0.18782812499999998 0.8584999999999999 0.02409375 0.07291666666666667
0 0.09440625 0.8337708333333332 0.024734375 0.07379166666666667
0 0.07518749999999999 0.9331666666666667 0.021484375 0.0694375
0 0.579109375 0.8563333333333334 0.01628125 0.05120833333333333
0 0.60221875 0.8433125 0.015625 0.059895833333333336
0 0.561203125 0.8129375 0.016921875 0.0546875
0 0.537765625 0.7717083333333333 0.016921875 0.05902083333333333
0 0.6015625 0.7630208333333334 0.016921875 0.060770833333333336
0 0.587234375 0.7109375 0.016921875 0.052083333333333336
0 0.648109375 0.7213541666666666 0.01496875 0.05035416666666667
0 0.641921875 0.7044166666666667 0.014328125 0.046
0 0.694015625 0.7074583333333333 0.015625 0.0538125
0 0.866203125 0.7955625000000001 0.0201875 0.06510416666666667
0 0.9251250000000001 0.8098958333333334 0.01953125 0.05902083333333333
0 0.822265625 0.9353333333333332 0.01953125 0.056416666666666664
0 0.74934375 0.9487916666666667 0.01953125 0.036458333333333336
0 0.868171875 0.6870625 0.017578125 0.052958333333333336