0 0.394796875 0.6243125 0.013546875 0.041666666666666664
0 0.4484375 0.6361041666666666 0.014578125 0.0444375
0 0.4703125 0.6253541666666667 0.017703125 0.057645833333333334
0 0.524484375 0.6125 0.013546875 0.05277083333333333
0 0.320046875 0.6739583333333333 0.015109375 0.05347916666666667
0 0.368234375 0.8027708333333333 0.03125 0.05
0 0.290109375 0.8020833333333334 0.016671875 0.0444375
0 0.27109375 0.8034791666666667 0.0171875 0.04722916666666667
0 0.32604687499999996 0.9260416666666667 0.026046875000000004 0.0631875
0 0.35234375 0.9350625 0.022390625 0.057645833333333334
0 0.1875 0.9170208333333334 0.023953125 0.0381875
0 0.169265625 0.9152708333333333 0.022921875 0.0625
0 0.148171875 0.9083333333333333 0.018234375 0.048604166666666664
0 0.606515625 0.9267291666666666 0.018234375 0.06041666666666667
0 0.625515625 0.9357708333333333 0.015625 0.05902083333333333
0 0.638015625 0.9375 0.026046875000000004 0.06666666666666667
0 0.827609375 0.7177083333333333 0.017703125 0.03402083333333333
0 0.8450468750000001 0.7163125 0.022390625 0.042354166666666665
0 0.93125 0.7024375 0.011453125 0.028479166666666667
0 0.94296875 0.7058958333333333 0.016140625 0.028479166666666667
0 0.9234375 0.7729166666666667 0.026046875000000004 0.0444375