0 0.458328125 0.6034791666666667 0.013546875 0.0375
0 0.379421875 0.5878541666666667 0.0109375 0.04652083333333333
0 0.29895312500000004 0.6319374999999999 0.013546875 0.03889583333333334
0 0.31510937499999997 0.6572916666666667 0.010421875 0.028479166666666667
0 0.327609375 0.6635416666666667 0.010421875 0.04097916666666667
0 0.3390625 0.6597291666666667 0.011453125 0.03472916666666667
0 0.221875 0.7284791666666667 0.015625 0.0625
0 0.261203125 0.7111041666666666 0.018234375 0.056937499999999995
0 0.334375 0.7350625 0.011453125 0.0381875
0 0.18984375 0.8861041666666666 0.0265625 0.07777083333333333
0 0.10885937500000001 0.95 0.022921875 0.03333333333333333
0 0.666921875 0.7368125 0.019265625 0.0555625
0 0.8721406249999999 0.828125 0.0171875 0.057645833333333334
0 0.992703125 0.7795208333333333 0.014578125 0.050687499999999996