0 0.73234375 0.914 0.0270625 0.060875
0 0.709265625 0.9156875 0.025453125 0.06364583333333333
0 0.30867187500000004 0.9290625 0.024671875 0.06885416666666666
0 0.32853125 0.92675 0.0298125 0.07039583333333334
0 0.610125 0.9549166666666667 0.023640625000000002 0.04177083333333333
0 0.63471875 0.9560833333333334 0.032 0.0320625
0 0.076015625 0.9571458333333334 0.019890625000000002 0.035770833333333335
0 0.9732031250000001 0.7699791666666667 0.010140625 0.049562499999999995
0 0.9858437500000001 0.7692916666666666 0.0283125 0.04572916666666667
0 0.170015625 0.875375 0.033375 0.07689583333333333
0 0.12253125000000001 0.8436041666666667 0.02403125 0.05983333333333333
0 0.179828125 0.8049166666666667 0.012125 0.0609375
0 0.19240625 0.8003750000000001 0.016734375000000003 0.07616666666666667
0 0.10146875 0.8489166666666667 0.021156249999999998 0.06797916666666667
0 0.0416875 0.8562083333333333 0.025328125 0.0690625
0 0.04940625 0.8319791666666667 0.0255625 0.07045833333333333
0 0.070359375 0.8172916666666666 0.0164375 0.0696875
0 0.085703125 0.8031458333333333 0.019203124999999998 0.06754166666666667
0 0.26349999999999996 0.7039791666666667 0.024796875 0.058229166666666665
0 0.281625 0.7108333333333333 0.025296875000000003 0.059291666666666666
0 0.952484375 0.696125 0.018109375 0.06191666666666666
0 0.932515625 0.6806666666666668 0.028499999999999998 0.06639583333333333
0 0.82075 0.669375 0.021265625 0.037625
0 0.801296875 0.6630625 0.017687500000000002 0.03825
0 0.82565625 0.6354375 0.021843750000000002 0.033479166666666664
0 0.676078125 0.6450625 0.01934375 0.027166666666666665
0 0.6411718750000001 0.6436041666666666 0.017625 0.0285625
0 0.6590625 0.6428333333333334 0.026000000000000002 0.04670833333333334
0 0.5833437499999999 0.6275833333333334 0.0225 0.04795833333333333
0 0.56765625 0.6234375 0.022265625 0.0498125
0 0.3883125 0.5849791666666667 0.019796875 0.04029166666666666
0 0.545203125 0.5892916666666667 0.01315625 0.03289583333333333
0 0.48409375 0.59475 0.021609375 0.051520833333333335
0 0.531828125 0.5880624999999999 0.01246875 0.03135416666666667