0 0.458328125 0.6254791666666667 0.0134375 0.03252083333333333
0 0.52096875 0.6070833333333333 0.010140625 0.041666666666666664
0 0.538375 0.603625 0.01096875 0.048604166666666664
0 0.5072656249999999 0.5997708333333333 0.010687499999999999 0.04679166666666667
0 0.546734375 0.5922916666666667 0.00575 0.041291666666666664
0 0.49190625 0.8260833333333333 0.01453125 0.067625
0 0.510546875 0.8370416666666666 0.013984374999999999 0.06104166666666667
0 0.5272812499999999 0.831 0.0134375 0.06066666666666667
0 0.5448125 0.8275416666666667 0.015078125000000001 0.052270833333333336
0 0.55784375 0.8506041666666667 0.01590625 0.061875
0 0.578953125 0.8590625000000001 0.017 0.0603125
0 0.586625 0.8333125 0.010421875 0.029249999999999998
0 0.504390625 0.7481041666666666 0.01096875 0.026312500000000003
0 0.51246875 0.745 0.0085 0.035458333333333335
0 0.528515625 0.7652916666666666 0.0120625 0.0314375
0 0.526453125 0.7375 0.011234375000000001 0.0285
0 0.537 0.7395208333333334 0.00821875 0.023020833333333334
0 0.538921875 0.7662083333333333 0.007671875 0.0310625
0 0.5475625 0.7645625 0.0085 0.0285
0 0.556875 0.7660208333333334 0.007953125 0.029249999999999998
0 0.5683906249999999 0.7630833333333332 0.010140625 0.03289583333333333
0 0.589234375 0.7607083333333333 0.012890625 0.027416666666666666
0 0.6110156250000001 0.7614375 0.0120625 0.0310625
0 0.545921875 0.7391458333333334 0.010140625 0.022291666666666664
0 0.55715625 0.7376874999999999 0.00959375 0.024479166666666666
0 0.570171875 0.7355 0.0093125 0.02375
0 0.589640625 0.7316666666666667 0.0093125 0.029249999999999998
0 0.6055312500000001 0.730375 0.0120625 0.0310625
0 0.625984375 0.7409791666666667 0.0093125 0.034
0 0.63353125 0.7407916666666666 0.0074062500000000005 0.033625
0 0.640515625 0.7358541666666666 0.006578125 0.03764583333333334
0 0.65384375 0.730375 0.015625 0.0264375
0 0.699515625 0.71275 0.012015625 0.05529166666666666
0 0.7094375 0.709125 0.01021875 0.052875
0 0.719046875 0.707125 0.01021875 0.052083333333333336
0 0.737078125 0.701125 0.017421875 0.051291666666666666
0 0.7548125 0.7039166666666666 0.012015625 0.05529166666666666
0 0.769828125 0.7159375 0.01803125 0.058499999999999996
0 0.7908593749999999 0.7287708333333334 0.015625 0.040875
0 0.787859375 0.6959166666666667 0.012015625 0.048875
0 0.819109375 0.7003125 0.013218750000000001 0.04808333333333333