0 0.382515625 0.5827500000000001 0.010906250000000001 0.027916666666666666
0 0.34846875 0.612625 0.010609375 0.033416666666666664
0 0.370578125 0.6136041666666666 0.00825 0.040875
0 0.3803125 0.6185208333333333 0.00825 0.037333333333333336
0 0.39209375 0.6147708333333333 0.0094375 0.044812500000000005
0 0.40196875 0.6187083333333334 0.009140625 0.03852083333333333
0 0.19723437500000002 0.6827916666666667 0.014734375 0.04402083333333333
0 0.18057812499999998 0.6684375 0.01209375 0.036562500000000005
0 0.26754687499999996 0.6975208333333334 0.01209375 0.0420625
0 0.28346875 0.6984999999999999 0.0115 0.046375000000000006
0 0.295109375 0.6994791666666667 0.011796875 0.04677083333333333
0 0.309109375 0.6975208333333334 0.01209375 0.047562499999999994
0 0.52815625 0.6981041666666666 0.01621875 0.04560416666666667
0 0.54334375 0.6845416666666666 0.012968750000000001 0.03183333333333333
0 0.5884375000000001 0.7122708333333333 0.01415625 0.03852083333333333
0 0.6353125000000001 0.74725 0.020640625000000003 0.06210416666666666