0 0.35409375 0.6190833333333334 0.010562499999999999 0.035479166666666666
0 0.3644375 0.6176875000000001 0.009296875 0.03829166666666666
0 0.3733125 0.6199375 0.00590625 0.03491666666666667
0 0.38070312500000003 0.6188125 0.01140625 0.033791666666666664
0 0.385140625 0.6658124999999999 0.010140625 0.03885416666666666
0 0.395484375 0.6661041666666667 0.00971875 0.033791666666666664
0 0.411109375 0.6610416666666666 0.00971875 0.042791666666666665
0 0.28125 0.6787708333333333 0.016890625 0.04560416666666667
0 0.566296875 0.6188125 0.010984375000000001 0.03829166666666666
0 0.5422343749999999 0.6782083333333334 0.012671874999999999 0.04560416666666667
0 0.5905781250000001 0.659625 0.016468749999999997 0.050104166666666665
0 0.6910937500000001 0.6252916666666667 0.010562499999999999 0.04447916666666667
0 0.714734375 0.6179583333333334 0.01984375 0.03885416666666666
0 0.6875 0.69425 0.015203125000000001 0.050666666666666665
0 0.9252499999999999 0.6860833333333333 0.011828125 0.04672916666666667
0 0.9073125 0.6936875 0.015625 0.025895833333333333
0 0.51753125 0.8924583333333334 0.02321875 0.08108333333333334
0 0.5580625 0.9346875 0.02153125 0.0540625
0 0.580453125 0.9346875 0.01984375 0.04616666666666667
0 0.16934375 0.90625 0.021953125 0.04560416666666667