0 0.532171875 0.7330625000000001 0.0143125 0.02804166666666667
0 0.282140625 0.6572916666666667 0.020984375 0.04547916666666666
0 0.34785937499999997 0.731125 0.018078125 0.05404166666666667
0 0.36903125000000003 0.8002083333333334 0.032265625 0.04047916666666666
0 0.36425 0.7346666666666667 0.02878125 0.04572916666666667
0 0.498359375 0.8139791666666666 0.013875000000000002 0.05477083333333333
0 0.510953125 0.8142083333333333 0.01834375 0.048625
0 0.166296875 0.9098333333333334 0.0258125 0.04825
0 0.19275 0.9052291666666666 0.021124999999999998 0.07225
0 0.319390625 0.9303125 0.018203125 0.05285416666666667
0 0.40709375000000003 0.6223958333333334 0.018421874999999997 0.046875
0 0.378625 0.6123541666666666 0.013953125 0.0386875
0 0.366078125 0.60975 0.01115625 0.0394375
0 0.142859375 0.7049791666666666 0.02009375 0.051333333333333335
0 0.33928125 0.9441875 0.015625 0.035708333333333335
0 0.37025 0.9453125 0.017296875 0.043895833333333335
0 0.346546875 0.9304375 0.01115625 0.04091666666666667
0 0.35184375 0.9192708333333334 0.013953125 0.043895833333333335
0 0.368296875 0.923 0.015625 0.0394375
0 0.388390625 0.9293125 0.015625 0.044645833333333336
0 0.432203125 0.9419583333333333 0.018421874999999997 0.0625
0 0.44084375 0.9345208333333334 0.016734375000000003 0.06102083333333333
0 0.45228124999999997 0.921875 0.01953125 0.08185416666666666
0 0.52315625 0.936375 0.020640625000000003 0.051333333333333335
0 0.532921875 0.9267083333333334 0.013390625 0.0558125
0 0.544921875 0.922625 0.018421874999999997 0.046125
0 0.6400625 0.9535 0.017859375 0.0230625
0 0.659875 0.953125 0.01953125 0.0238125
0 0.783484375 0.9430833333333334 0.01896875 0.043895833333333335
0 0.739125 0.7764166666666666 0.015062500000000001 0.034979166666666665
0 0.75475 0.7767916666666667 0.017296875 0.0386875
0 0.817796875 0.9017916666666667 0.018421874999999997 0.0401875
0 0.833421875 0.8995625 0.012828125000000001 0.0386875
0 0.8448593750000001 0.8984375 0.014515624999999999 0.0379375
0 0.8604843750000001 0.8954583333333334 0.01896875 0.04835416666666667
0 0.919359375 0.9308125 0.015062500000000001 0.06695833333333333
0 0.936109375 0.8028333333333334 0.01171875 0.043145833333333335
0 0.9149062499999999 0.7615416666666667 0.015062500000000001 0.036458333333333336
0 0.958421875 0.7369791666666666 0.009484375 0.032
0 0.9698593750000001 0.7462708333333333 0.014515624999999999 0.034229166666666665
0 0.9606562500000001 0.9375 0.017296875 0.049104166666666664
0 0.982984375 0.9270833333333334 0.017296875 0.047625