0 0.380296875 0.5825833333333333 0.010609375 0.03720833333333333
0 0.3485 0.6227708333333334 0.009484375 0.03125
0 0.338171875 0.6205416666666667 0.01115625 0.03125
0 0.326734375 0.6268541666666666 0.013953125 0.034979166666666665
0 0.47640625 0.6203333333333333 0.0095625 0.043375000000000004
0 0.511796875 0.6283958333333334 0.010203125 0.03741666666666667
0 0.30596875 0.6451875 0.0124375 0.03954166666666667
0 0.31090625 0.7142916666666667 0.017218749999999998 0.06377083333333333
0 0.20631249999999998 0.8414166666666667 0.02040625 0.08587499999999999
0 0.22959374999999999 0.8558749999999999 0.017218749999999998 0.06547916666666667
0 0.297828125 0.9253750000000001 0.021046875 0.08035416666666667
0 0.64190625 0.7127916666666666 0.0159375 0.059958333333333336
0 0.674578125 0.7093958333333333 0.015625 0.05314583333333334