0 0.392 0.5940624999999999 0.01103125 0.023895833333333335
0 0.25596874999999997 0.6884166666666667 0.015625 0.0435
0 0.167515625 0.9139166666666667 0.0206875 0.0655625
0 0.0461875 0.9491458333333332 0.0206875 0.03677083333333333
0 0.063875 0.9528125000000001 0.015625 0.028187499999999997
0 0.0788125 0.9549583333333334 0.017 0.025125
0 0.3444375 0.947 0.019765625000000002 0.04472916666666667
0 0.36075 0.9466875 0.019296874999999998 0.042895833333333334
0 0.366265625 0.921875 0.016546875 0.06433333333333333
0 0.398671875 0.9335208333333332 0.0206875 0.049625
0 0.419125 0.94975 0.02021875 0.03920833333333333
0 0.577671875 0.784625 0.018375 0.06925
0 0.60478125 0.8725416666666667 0.023890625 0.0784375
0 0.7555156249999999 0.72825 0.01378125 0.03370833333333333
0 0.767 0.7230416666666667 0.014703125000000001 0.03920833333333333
0 0.6695781249999999 0.6179583333333334 0.01378125 0.042270833333333334
0 0.7293125 0.6231666666666666 0.01103125 0.034312499999999996
0 0.79571875 0.6660625 0.01240625 0.02695833333333333
0 0.8065312499999999 0.6675833333333333 0.011953125 0.036145833333333335
0 0.8203125 0.6663541666666667 0.01378125 0.0435
0 0.938875 0.7546041666666666 0.019296874999999998 0.03370833333333333
0 0.968515625 0.7509166666666667 0.011484375 0.028791666666666667
0 0.9852968750000001 0.7665416666666667 0.010109375 0.041666666666666664
0 0.99471875 0.7677708333333333 0.010562499999999999 0.0465625
0 0.9954062499999999 0.8557083333333334 0.0091875 0.02266666666666667