0 0.38471875 0.5813541666666667 0.010140625 0.035479166666666666
0 0.34628125 0.6067083333333334 0.013515625 0.04110416666666667
0 0.473609375 0.6345624999999999 0.01140625 0.042791666666666665
0 0.5114062500000001 0.6281041666666667 0.007593750000000001 0.03885416666666666
0 0.52090625 0.6241458333333333 0.01225 0.04785416666666666
0 0.810171875 0.7905416666666666 0.01140625 0.04954166666666667
0 0.84734375 0.8001041666666667 0.013093750000000001 0.042791666666666665
0 0.84903125 0.7840625 0.013093750000000001 0.050104166666666665
0 0.23142187500000003 0.9211666666666667 0.014359374999999999 0.04504166666666667
0 0.146328125 0.9574791666666667 0.0139375 0.021958333333333333
0 0.10578125000000001 0.9555208333333333 0.0173125 0.021395833333333333
0 0.17271875 0.6996041666666667 0.007593750000000001 0.03997916666666667
0 0.16321875 0.6965 0.01140625 0.04054166666666667
0 0.1511875 0.6987708333333333 0.010140625 0.04616666666666667