0 0.23965625 0.7288541666666667 0.013328125 0.030020833333333333
0 0.196921875 0.7156874999999999 0.015171875000000001 0.05514583333333333
0 0.18221875 0.7172083333333333 0.016078125 0.049625
0 0.61121875 0.7977916666666667 0.015625 0.03677083333333333
0 0.66796875 0.737125 0.0234375 0.0625
0 0.745171875 0.7785 0.01884375 0.0435
0 0.82421875 0.7291666666666666 0.024359375 0.042895833333333334
0 0.84259375 0.7800208333333334 0.015171875000000001 0.03920833333333333
0 0.85821875 0.7864583333333334 0.014249999999999999 0.030020833333333333
0 0.9588749999999999 0.7359166666666667 0.013328125 0.035541666666666666
0 0.96875 0.7457083333333333 0.012875000000000001 0.03308333333333333
0 0.961171875 0.9338333333333334 0.017921875 0.051479166666666666
0 0.9813906250000001 0.9365833333333333 0.017921875 0.052083333333333336
0 0.8442031249999999 0.8915416666666667 0.02021875 0.05025
0 0.8249062500000001 0.897375 0.019296874999999998 0.0533125
0 0.792515625 0.9044166666666666 0.016078125 0.044125
0 0.7750468749999999 0.9099166666666666 0.017921875 0.0465625