1 0.5828125 0.8416666666666667 0.065625 0.052083333333333336
1 0.4125 0.80625 0.0578125 0.04375
1 0.0640625 0.7291666666666666 0.040625 0.03333333333333333
1 0.01875 0.78125 0.0375 0.04583333333333333
1 0.0828125 0.8041666666666667 0.0484375 0.03958333333333333
1 0.1578125 0.8270833333333333 0.0578125 0.04791666666666667
1 0.2015625 0.875 0.05625 0.04375
1 0.240625 0.8479166666666667 0.0453125 0.041666666666666664
1 0.315625 0.86875 0.0578125 0.05
1 0.3953125 0.8875 0.059375 0.04791666666666667
1 0.484375 0.9041666666666667 0.0625 0.04583333333333333
1 0.5796875 0.9166666666666666 0.0796875 0.04791666666666667
1 0.6796875 0.93125 0.0796875 0.052083333333333336
1 0.775 0.9354166666666667 0.0703125 0.04791666666666667
1 0.8734375 0.9333333333333333 0.075 0.05625
1 0.9765625 0.9208333333333333 0.0453125 0.04583333333333333