8 0.0044288789357421745 0.6441625586531872 0.008857757871484349 0.08535909321994142
8 0.4174648008376714 0.9034452277654154 0.07528384288963733 0.0799146324400268
8 0.3278266392786845 0.8670968794439256 0.09167284684397004 0.11225929107788249
8 0.3829504683653384 0.2473481711882695 0.35909906326932317 0.494696342376539
8 0.6671318784042695 0.9372081934699368 0.13577567391627668 0.06447985375924287
8 0.5869177963890471 0.9306252907180514 0.0878475098858317 0.08315878040294311
8 0.4861975547920041 0.8685354363749533 0.08341467787060922 0.09345538281158652
8 0.4228672252482396 0.8414116946848986 0.12129667984777566 0.1110825635424401
8 0.7718512119023668 0.9307621384910404 0.08271434091247087 0.0645080143905339
8 0.12370682505795916 0.7246492603800376 0.09511618182494201 0.12557032806861165
8 0.8581879599252004 0.9423019146298889 0.09913783695813834 0.0337713494184907
8 0.059563412016097474 0.6988795937271388 0.08217051285158128 0.1065367064214851
8 0.20447400540002642 0.611610177717075 0.10072951186299806 0.09956082310270137
8 0.5059781555903069 0.7282577553315208 0.1169911818249421 0.12664232384582005
8 0.024052970836796354 0.5248609380617585 0.04810594167359271 0.12396233440279886
8 0.04005206665500218 0.7957745077024643 0.07761034684397006 0.11157015093539138
8 0.09644664669305827 0.8192954510427121 0.10892401384016445 0.11573315242162907
8 0.23804655627487886 0.8688681402958061 0.09310801285158128 0.10707270431008917
8 0.6368541293928527 0.930806593603229 0.09397017589344295 0.07820190701598007
8 0.0022297089737982594 0.70344965609592 0.004459417947596519 0.09836384570289677