1 0.4484375 0.3671052631578947 0.76015625 0.5342105263157895
8 0.2 0.4105263157894737 0.03515625 0.13289473684210526
8 0.37109375 0.43026315789473685 0.096875 0.1868421052631579
8 0.13671875 0.4697368421052632 0.059375 0.29210526315789476
8 0.9421875 0.4723684210526316 0.115625 0.4394736842105263
8 0.0984375 0.5697368421052632 0.1078125 0.36578947368421055
8 0.26015625 0.5894736842105263 0.09375 0.48157894736842105
8 0.5609375 0.6105263157894737 0.0953125 0.4868421052631579
8 0.44453125 0.6118421052631579 0.115625 0.5486842105263158
8 0.8265625 0.6644736842105263 0.12578125 0.6473684210526316
8 0.06171875 0.8842105263157894 0.12265625 0.19736842105263158