8 0.0390625 0.1723684210526316 0.034375 0.07368421052631578
8 0.4984375 0.06710526315789474 0.06796875 0.05263157894736842
8 0.40546875 0.07368421052631578 0.08125 0.08026315789473684
8 0.35703125 0.7197368421052631 0.28984375 0.4473684210526316
8 0.84296875 0.075 0.0578125 0.05263157894736842
8 0.9484375 0.075 0.08125 0.06842105263157895
8 0.75078125 0.08552631578947369 0.1265625 0.07368421052631578
8 0.66796875 0.09342105263157895 0.07890625 0.060526315789473685
8 0.56015625 0.12368421052631579 0.07421875 0.06315789473684211
8 0.49375 0.12894736842105264 0.1109375 0.06315789473684211
8 0.85 0.13815789473684212 0.07265625 0.07368421052631578
8 0.184375 0.14210526315789473 0.0796875 0.09210526315789473
8 0.93828125 0.14210526315789473 0.09140625 0.06315789473684211
8 0.11796875 0.14605263157894738 0.0703125 0.07763157894736843
8 0.2453125 0.2789473684210526 0.090625 0.060526315789473685
8 0.5578125 0.2644736842105263 0.10546875 0.08421052631578947
8 0.03828125 0.29473684210526313 0.0765625 0.09736842105263158
8 0.115625 0.04473684210526316 0.0671875 0.08947368421052632
8 0.17421875 0.04078947368421053 0.096875 0.08157894736842106
8 0.31953125 0.039473684210526314 0.08203125 0.07763157894736843
8 0.7203125 0.08157894736842106 0.07890625 0.10921052631578948
8 0.03046875 0.11052631578947368 0.0609375 0.07894736842105263