8 0.03337029700211079 0.6482554557671345 0.02487817363517102 0.08769961478152048
8 0.4783551152626705 0.9154076677354965 0.07773015785015538 0.08188740105543867
8 0.38471153107592093 0.8769161946907013 0.09766322625188958 0.11683293552982472
8 0.4032222524896616 0.2470282418818712 0.3689445049793232 0.4940564837637424
8 0.7352799494494201 0.9474984447325137 0.1392290999717652 0.05539005982970779
8 0.6536204257718967 0.938841374823274 0.09004814732681173 0.07711424859976612
8 0.5467487994917724 0.8797872756385958 0.08434417889684287 0.09265871956444435
8 0.4800772389825461 0.8520966462989467 0.12395271046687402 0.10997946024573127
8 0.8422656968185842 0.941986983686841 0.08463260523343692 0.05587786498116968
8 0.1668422206372818 0.7299831292600583 0.0980272472985769 0.1273592513192984
8 0.9287492283886152 0.9544076699774843 0.09604054209337462 0.024788923051813214
8 0.10017066012805556 0.7022924999204092 0.08489021046687398 0.10844819324865518
8 0.2426164943853923 0.613701449849181 0.10336719468185844 0.10128846456514634
8 0.5590220153614925 0.7370082550019876 0.12311825256024882 0.1309708411447954
8 0.04784304970353389 0.5238362370822222 0.06365224729857691 0.12601173636187138
8 0.08704059954824211 0.7976724741644444 0.08167420520520212 0.1056941129415206
8 0.14580865479579652 0.8230377779561402 0.1115437157285458 0.11212103375403511
8 0.2931232705525772 0.8752362015691224 0.09399219468185845 0.10092096048584806
8 0.7037114310335686 0.9395129320143849 0.09611613680346806 0.07209609342456157
8 0.03459116275889147 0.7061808179491813 0.02367969468185841 0.09816467989111109