8 0.0578125 0.21973684210526315 0.08984375 0.24210526315789474
8 0.4140625 0.22763157894736843 0.09375 0.22105263157894736
8 0.52109375 0.25263157894736843 0.06171875 0.10394736842105264
8 0.21171875 0.25526315789473686 0.078125 0.12894736842105264
8 0.8203125 0.2578947368421053 0.09296875 0.16710526315789473
8 0.47578125 0.30394736842105263 0.0921875 0.13815789473684212
8 0.05078125 0.33157894736842103 0.1015625 0.2013157894736842
8 0.6171875 0.34868421052631576 0.109375 0.19342105263157894
8 0.740625 0.3894736842105263 0.09375 0.20657894736842106
8 0.5203125 0.5657894736842105 0.29296875 0.475
8 0.72265625 0.19078947368421054 0.046875 0.13815789473684212
8 0.67109375 0.19078947368421054 0.07734375 0.15921052631578947