8 0.016435987934282435 0.7357318239224777 0.03287197586856487 0.27590477320767615
8 0.3657985485565704 0.7641730963044285 0.120917679126093 0.26092942128855307
8 0.4847395215147284 0.7491431643409358 0.0760565577118811 0.1299146324400268
8 0.14679557741251092 0.7118117304666148 0.09540675843752049 0.15978085438440112
8 0.8119642204262693 0.7764842803143878 0.11502977767481433 0.20280497106561754
8 0.4392013322218344 0.6869666139387135 0.11281251324684387 0.17114945257025296
8 0.01900791642740327 0.615918410690271 0.03801583285480654 0.23132107335630006
8 0.5975321873939775 0.6542329301174238 0.13443454210278444 0.2353027719573601
8 0.7347692925661207 0.6225329565098707 0.1190823606144388 0.24769495542476758
8 0.5090475846689051 0.40487982931297883 0.3602232597034648 0.5854964139399711
8 0.6990723508261558 0.8385380632592663 0.06270338584218216 0.16343601861332516
8 0.6430133237843139 0.8320840975134415 0.09756945916315996 0.18880479393239727