8 0.64609375 0.3078947368421053 0.0875 0.325
8 0.71171875 0.3092105263157895 0.09140625 0.29078947368421054
8 0.284375 0.31973684210526315 0.0328125 0.1618421052631579
8 0.26875 0.32105263157894737 0.03359375 0.1631578947368421
8 0.134375 0.3671052631578947 0.06875 0.36447368421052634
8 0.578125 0.41710526315789476 0.10546875 0.45263157894736844
8 0.36953125 0.42105263157894735 0.10546875 0.4407894736842105
8 0.46640625 0.4486842105263158 0.0765625 0.38421052631578945
8 0.2046875 0.4776315789473684 0.08203125 0.44342105263157894
8 0.7546875 0.48157894736842105 0.1578125 0.7578947368421053
8 0.06796875 0.49605263157894736 0.08515625 0.3592105263157895