2 0.044040242913241885 0.804995231521864 0.043005955534962836 0.03988705632867299
2 0.10352437031790358 0.8096766064355052 0.035248019237293704 0.042442084883792204
2 0.18085076215053558 0.8457685178546189 0.044623019237293705 0.042533945354491724
2 0.3349777561600858 0.9679676507712962 0.015843254809323425 0.010679416573972695
2 0.3986483865599724 0.9107533351472048 0.024037700725639332 0.02917701959780085
2 0.5557689165970393 0.8381467306055945 0.012881945916316084 0.018543533259177916
2 0.5479936221320021 0.8777046202475951 0.00970238221398514 0.015881334154909752
2 0.5410442176854984 0.8817208840216721 0.006468254809323426 0.01058755610327317
2 0.5122470950901601 0.8872672783677319 0.006468254809323426 0.01058755610327317
2 0.5052704087924911 0.8899677526681248 0.0065228185116541935 0.01321913505064159
2 0.4967585043459873 0.8939993265206518 0.006468254809323426 0.01058755610327317
2 0.48743806804831813 0.8967227659387195 0.00970238221398514 0.015881334154909752
2 0.4485665410064762 0.906316044215756 0.025709328130301044 0.03445548757098741
2 0.4609846954529798 0.9022461951671044 0.006577382213985139 0.01585071399801001
2 0.4688244773041452 0.9034854342485391 0.011374009618646852 0.021159802128096615
2 0.3508953889222251 0.6427456546337726 0.059176592558271415 0.0663559465868562
2 0.4022073738612827 0.4040365970727349 0.07965278366526399 0.07444971444880995
2 0.52704368275429 0.39491705395463905 0.05437996515360979 0.061046858456769604
2 0.6371726509031246 0.3925219039502381 0.01767857332097762 0.02385262138926452
2 0.7799975571637269 0.45955739448210264 0.0065228185116541935 0.01321913505064159
2 0.7623834712288775 0.47683872354217105 0.006468254809323426 0.01058755610327317
2 0.753226726038201 0.48745689980234397 0.006468254809323426 0.01058755610327317
2 0.7570511304847046 0.48347125618516673 0.006468254809323426 0.01058755610327317
1 0.7409449808475242 0.4981056962194168 0.024201391832631813 0.03707175643990611