2 0.6462744686505462 0.1682612678819346 0.04763861600890866 0.11282344959777758
2 0.7511603212921838 0.47354246147578105 0.026889764003817974 0.04867013021067058
2 0.7697199646324107 0.3871355777264576 0.020621582670272608 0.04573226675552806
2 0.7447830519573656 0.49226979861513387 0.011028406667727175 0.013693892625446317
2 0.7431296452896383 0.5055042644789194 0.014207950668363622 0.02174177172143848
2 0.7207728399506841 0.5763131023613911 0.007903406667727353 0.013540750371559421
2 0.7239796559516385 0.5643178548443463 0.00948408800127254 0.016248900445871364
2 0.7295302219525931 0.5522077506368862 0.00792158800127254 0.01617232931892784
2 0.7335455599538657 0.5362268491353172 0.00950226933481808 0.018880479393239787
2 0.7039575099459116 0.6363276255100869 0.011064769334818082 0.01895705052018331
2 0.7071552352800934 0.6256481674667262 0.006322725334181811 0.010832600297247478
2 0.6684830866088662 0.6841031074452621 0.00950226933481808 0.018880479393239787
2 0.4636068719764556 0.26928706732874275 0.05412497334499946 0.14734026042134094
2 0.41839327462604736 0.48327316414631766 0.04286020934118149 0.09943584148010505
2 0.38115580927754805 0.6731921948028593 0.015824994668999892 0.029713079690487264
2 0.37700301658977625 0.9351491567564324 0.009484088001272716 0.016248900445871066
2 0.3936001705920035 0.9067135809761577 0.007921588001272717 0.01617232931892784
2 0.39833312392586706 0.8999049202269063 0.007903406667727176 0.013540750371559421
2 0.4022666459261853 0.895766123988495 0.007903406667727353 0.013540750371559421
1 0.41255925592777604 0.8755315695580993 0.02687158267027261 0.046038551263301856