2 0.07040342821324537 0.009398512176654336 0.03768185642649073 0.012731838073163014
2 0.15716764231986805 0.017130361405054334 0.048710284639736076 0.018638273300642577
2 0.3918836231195381 0.0506517177833758 0.025545569279472158 0.03304929555754727
2 0.4423609962390763 0.08122399310899667 0.028897889812585474 0.04639098381803014
2 0.4644860488255011 0.09698423198500843 0.011346676959604096 0.024327487859058517
2 0.45504285266556704 0.09248548299303345 0.006522784639736124 0.016157060731492087
2 0.5065287963182186 0.13626160143640662 0.008039820533113407 0.013617378545944055
2 0.48194633346523713 0.11378457004924324 0.011210284639736123 0.016432751016953257
2 0.4914577257851052 0.12223068746227082 0.009602320533113407 0.013709275307764444
2 0.49940661810497317 0.13058490811347803 0.009647784639735946 0.016340854255132865
2 0.5365800091712 0.1590602714899414 0.008039820533113229 0.013617378545944055
2 0.5437476514910682 0.16736854376023838 0.011255748746358662 0.019064329964321676
2 0.551574523356965 0.21383471076737753 0.014380748746358663 0.019248123487962458
2 0.28269414271557947 0.2808313078145555 0.06698892319868044 0.082807032417509
2 0.32528612265731977 0.577773672203508 0.08913670783841657 0.09988306076720499
2 0.4553971714828208 0.6550919971589533 0.06216503087881246 0.07463660528994258
2 0.5704371497752085 0.7183794081402627 0.022420569279472245 0.032865502033906514
2 0.7282269177218972 0.7263451916104378 0.009647784639735946 0.016340854255132865
2 0.7129285266556703 0.6991563828994599 0.008039820533113407 0.013617378545943906
2 0.7081273663891136 0.6923017452455776 0.0064318564264908675 0.010893902836755244
2 0.7048659740692456 0.6842232148798315 0.008085284639736123 0.016248957493312326
1 0.6920704573761981 0.6663827776273737 0.02572742570596276 0.043575611347020975