2 0.05625 0.13815789473684212 0.03671875 0.030263157894736843
2 0.11015625 0.14210526315789473 0.03203125 0.038157894736842106
2 0.18671875 0.11578947368421053 0.04140625 0.035526315789473684
2 0.340625 0.015789473684210527 0.0140625 0.015789473684210527
2 0.4 0.08157894736842106 0.02109375 0.025
2 0.4484375 0.09210526315789473 0.0203125 0.030263157894736843
2 0.4671875 0.09868421052631579 0.00859375 0.017105263157894738
2 0.459375 0.09868421052631579 0.00390625 0.014473684210526316
2 0.50859375 0.11710526315789474 0.00546875 0.009210526315789473
2 0.50234375 0.11447368421052631 0.00703125 0.011842105263157895
2 0.49453125 0.10921052631578948 0.00625 0.011842105263157895
2 0.48671875 0.10657894736842105 0.00625 0.010526315789473684
2 0.5390625 0.17763157894736842 0.01015625 0.013157894736842105
2 0.5375 0.125 0.00546875 0.009210526315789473
2 0.54453125 0.13026315789473683 0.0078125 0.013157894736842105
2 0.38671875 0.5171052631578947 0.0734375 0.05789473684210526
2 0.54296875 0.3986842105263158 0.0359375 0.039473684210526314
2 0.615625 0.5486842105263158 0.015625 0.021052631578947368
2 0.75546875 0.5092105263157894 0.00703125 0.010526315789473684
2 0.73125 0.48289473684210527 0.00546875 0.010526315789473684
2 0.73515625 0.48947368421052634 0.0046875 0.010526315789473684
2 0.73984375 0.4934210526315789 0.00625 0.009210526315789473
1 0.71875 0.4723684210526316 0.01953125 0.02631578947368421