2 0.9889462712002413 0.8109943677486976 0.022107457599517488 0.037806727272348885
2 0.9083137047703829 0.8438298510012772 0.0466226944820761 0.04343736021820632
2 0.6613524163266293 0.5718874757422066 0.058215291723113974 0.06481153246688372
2 0.6656194352098218 0.3320692836712548 0.08666784034363317 0.07616466712137822
2 0.5263964829258297 0.3058713185295371 0.056489017412854635 0.05950244019075692
2 0.40160452283992143 0.2911020492184668 0.025818871551297563 0.027050739575924947
2 0.7384792395960921 0.9647180410197826 0.01940509724103805 0.021603844155628108
2 0.6681357620973293 0.8904003971365656 0.025818871551297563 0.027050739575924795
2 0.6130797698992454 0.8801659952220593 0.026146420171816585 0.03757705536539848
2 0.5901778584338562 0.8729373069101095 0.010030097241038049 0.021328237867287738
2 0.599593802011421 0.8739774900954537 0.005178822930778537 0.015927276828380712
2 0.5608212290806425 0.8593134087552992 0.008221935775648781 0.013387566643792214
2 0.5703190598133372 0.8629851708880114 0.008140048620519025 0.010755987696423792
2 0.5513233983479479 0.8556416466225869 0.008221935775648781 0.013387566643792214
2 0.5441693176152532 0.8519009829177894 0.006577548620519025 0.010710053315033831
2 0.5117695754171694 0.8410005324731276 0.008140048620519025 0.010755987696423792
2 0.5022308011069099 0.836012980866731 0.008303822930778536 0.016019145591160636
2 0.5007568323145744 0.7886445598140993 0.01315509724103805 0.021420106630067662
2 0.2663973631835545 0.36882848530710666 0.006577548620519025 0.010710053315033831
2 0.27289302464894377 0.3765394846236518 0.005015048620519024 0.010664118933643869
2 0.27770335538163843 0.38034904990053425 0.006577548620519025 0.010710053315033831
1 0.29221623473485203 0.39440932467855017 0.0230214201718165 0.037485186602618556
2 0.2477735159425165 0.34830409911414484 0.008303822930778536 0.016019145591160786