2 0.11015625 0.14210526315789473 0.03125 0.038157894736842106
2 0.18203125 0.11578947368421053 0.03125 0.038157894736842106
2 0.21640625 0.11710526315789474 0.0390625 0.042105263157894736
2 0.24375 0.09342105263157895 0.03515625 0.02894736842105263
2 0.4 0.08157894736842106 0.021875 0.025
2 0.46796875 0.1 0.00859375 0.018421052631578946
2 0.46015625 0.09868421052631579 0.00390625 0.013157894736842105
2 0.4484375 0.09210526315789473 0.02265625 0.031578947368421054
2 0.509375 0.11842105263157894 0.00546875 0.010526315789473684
2 0.50234375 0.11710526315789474 0.00703125 0.013157894736842105
2 0.54375 0.13289473684210526 0.009375 0.017105263157894738
2 0.3875 0.5736842105263158 0.07265625 0.06447368421052632
2 0.5078125 0.4631578947368421 0.0421875 0.05526315789473684
2 0.5703125 0.49473684210526314 0.03359375 0.04342105263157895
2 0.5453125 0.5355263157894737 0.0515625 0.05789473684210526
2 0.50859375 0.6 0.05 0.05
2 0.60703125 0.5157894736842106 0.02734375 0.031578947368421054
2 0.61875 0.5657894736842105 0.02109375 0.02631578947368421
2 0.615625 0.6171052631578947 0.0171875 0.019736842105263157
2 0.6890625 0.5368421052631579 0.0140625 0.019736842105263157
2 0.740625 0.6065789473684211 0.00625 0.010526315789473684
2 0.746875 0.6078947368421053 0.00625 0.007894736842105263
2 0.74296875 0.5960526315789474 0.00625 0.007894736842105263
2 0.7484375 0.5973684210526315 0.0046875 0.009210526315789473
2 0.7390625 0.5526315789473685 0.00625 0.009210526315789473
2 0.72734375 0.5381578947368421 0.00859375 0.013157894736842105
2 0.73125 0.5434210526315789 0.00625 0.009210526315789473