2 0.2311868997458862 0.4563389446318264 0.021768584186749606 0.042702410115965435
2 0.3073006206655167 0.6938634060117672 0.010012036831702886 0.018696658919919316
2 0.3038571022496652 0.6845610109331974 0.006614021046687402 0.010710053315033831
2 0.2881565075395719 0.6367791804480555 0.00670502630835923 0.013341632262402252
2 0.28466748649288454 0.6261609958958018 0.008358531570031146 0.016019145591160786
2 0.27874371018452526 0.6128423308240945 0.008358531570031058 0.016019145591160786
2 0.27438243387616607 0.5995696001337772 0.008358531570031146 0.016019145591160636
2 0.2632251259977757 0.5703236582336894 0.014790542093374803 0.021466041011457774
2 0.26038084705858056 0.5557810724510779 0.009739021046687401 0.010801922077814054
2 0.25358481548854944 0.5398078612413072 0.026547089448421435 0.04547179220750389
2 0.34299519695975855 0.7330318571391902 0.008449536831702886 0.018650724538529055
2 0.3412836946112712 0.23217541147940646 0.050515210466874017 0.10664118933643824
2 0.5237013524614268 0.31640523376031443 0.061073278868607875 0.14112732194056793
2 0.576893512871831 0.5230234559060576 0.045463689420186526 0.09597707040279436
2 0.6221898732963526 0.7044349733355456 0.016717063140062292 0.03203829118232157
2 0.638829883678522 0.9599278031372327 0.009921031570031148 0.016065079972550897
2 0.6216500889543113 0.9370770710800056 0.008267526308359408 0.013387566643792214
2 0.6174708231692957 0.9290674982844253 0.008176521046687313 0.010755987696423792
2 0.6133825626459519 0.9236895044362134 0.00826752630835923 0.013387566643792214
1 0.601026775814249 0.9049239439442089 0.028109589448421346 0.045517726588894004