2 0.35351589867122707 0.032345278080113726 0.023655676002545346 0.03318737674596357
2 0.31705168734086325 0.0717072560347549 0.03622840133672707 0.04457152153679327
2 0.5314794560391345 0.4492830404821822 0.07698067067154532 0.06578051842277935
2 0.8568965320257714 0.2610827841375459 0.026798857336090977 0.03603341294367099
2 0.8818601693586807 0.25410396824009696 0.012645450668363622 0.02191046058030335
2 0.8960044853596351 0.2649810158767294 0.012645450668363622 0.02191046058030335
2 0.9024635706954077 0.29481525927078817 0.020512494668999893 0.030341340548256157
2 0.9046527793602713 0.27228599528040237 0.00948408800127254 0.01643284543522755
1 0.9314879993634531 0.3099367928630472 0.033048857336090975 0.03646232744434898
1 0.9749203733688621 0.3740932688287806 0.020512494668999893 0.030341340548256157
2 0.9522186700349984 0.36906913652531737 0.012609088001272539 0.016647302685566506