2 0.75546875 0.5723684210526315 0.00703125 0.013157894736842105
2 0.73984375 0.5526315789473685 0.00625 0.009210526315789473
2 0.73515625 0.5473684210526316 0.0046875 0.010526315789473684
2 0.73046875 0.5421052631578948 0.00703125 0.010526315789473684
1 0.71796875 0.5276315789473685 0.01953125 0.03289473684210526
2 0.3875 0.5763157894736842 0.0734375 0.06578947368421052
2 0.50859375 0.6026315789473684 0.04921875 0.05131578947368421
2 0.615625 0.6197368421052631 0.015625 0.025
2 0.0546875 0.1355263157894737 0.03984375 0.03684210526315789
2 0.11171875 0.14210526315789473 0.0296875 0.034210526315789476
2 0.18671875 0.11710526315789474 0.0421875 0.035526315789473684
2 0.315625 0.32105263157894737 0.053125 0.056578947368421055
2 0.33984375 0.014473684210526316 0.01484375 0.018421052631578946
2 0.4 0.08157894736842106 0.02109375 0.02236842105263158
2 0.4484375 0.09473684210526316 0.021875 0.03289473684210526
2 0.459375 0.09868421052631579 0.0046875 0.015789473684210527
2 0.4671875 0.1 0.00859375 0.019736842105263157
2 0.56015625 0.1736842105263158 0.01171875 0.014473684210526316
2 0.5375 0.13157894736842105 0.0046875 0.009210526315789473
2 0.54375 0.13421052631578947 0.0078125 0.011842105263157895
2 0.48515625 0.10789473684210527 0.0078125 0.011842105263157895
2 0.49375 0.11315789473684211 0.00703125 0.011842105263157895
2 0.5015625 0.11710526315789474 0.0078125 0.011842105263157895
2 0.50859375 0.11973684210526316 0.00625 0.009210526315789473