2 0.8646417908414353 0.7285459662299623 0.025681961599340043 0.039963623303961374
2 0.8965904728156044 0.6791890112900959 0.025591033386094607 0.034700465409224834
2 0.9282125458560001 0.6561325352272439 0.020858069279472247 0.03197702288183713
1 0.955942740762293 0.6790368271633203 0.03358538981258548 0.04537988716539662
1 0.9782352779093115 0.6584282028877985 0.023983069279472247 0.03203826526851655
2 0.9422068496960663 0.6524607575462485 0.011346676959604451 0.02389855887969361
2 0.49822351748447025 0.5398475914100619 0.080960494985435 0.07524589138664026
2 0.6569155220368168 0.9942668228081115 0.033221676959604096 0.011466354383777033
2 0.6947648630239012 0.9761979138999392 0.038318353919208195 0.047604172200121746
2 0.10510165478977336 0.6136946874602095 0.016125105172849485 0.029253580354449582
1 0.13915004585600016 0.6406688325906973 0.06413670783841652 0.09596168983885096
2 0.08663279961692387 0.5843951753157504 0.01603417695960414 0.02399042245971274
2 0.04352164561857332 0.48489950316593255 0.008085284639736078 0.015942579650908926
2 0.04379443025830941 0.5006889768501431 0.008039820533113407 0.013311000703540505
2 0.054641002045064044 0.49564016730878424 0.009602320533113407 0.013341621896880365