2 0.8865153310407081 0.6102191409327499 0.01299107332097762 0.02417421596538008
2 0.8262127481010835 0.6526284572024572 0.024583337748947897 0.0561819180929825
2 0.8846428069940909 0.6628200945401768 0.014499009618646853 0.021603887697894734
1 0.9032291158870983 0.6714498395408784 0.024146828130301046 0.03512928651403513
1 0.9158382432917602 0.666676687085206 0.014608137023308387 0.026867045592631724
2 0.6585639789486077 0.14038272180105357 0.017896828130301044 0.034884283794502945
2 0.6781125871159758 0.178021085902691 0.030560519237293703 0.04326902607567254
2 0.7068725041763513 0.223921690925732 0.03535714664195542 0.048715936010058525
2 0.6881200149761245 0.3364364535238022 0.045004965153609786 0.06224133482619885
2 0.5948784464644701 0.34594993280760317 0.05923115626060209 0.07068732778725148
2 0.2952479794967619 0.46720704047193024 0.05443452885594056 0.06524041785286572
2 0.456011864705972 0.5195991174187725 0.07636409255827133 0.06872950631859656
2 0.46023311715304266 0.2405904983178369 0.05109127404661713 0.05459160070362581
2 0.40402775717157613 0.27394241497146254 0.05599702885594056 0.06530166853274863
2 0.5566765859348495 0.03894113053619962 0.026999009618646853 0.022093893136959097
2 0.24858628902274155 0.2665321828494156 0.041770837748947895 0.05685567557169601
2 0.15666168385059842 0.28794901807625756 0.02409226442797028 0.03249770756666671
2 0.14554313457623785 0.2585422695560821 0.02888889183263199 0.03794461750105262
2 0.14053817604605012 0.23595947112385984 0.017624009618646852 0.02172638905766088
2 0.12709323493905755 0.24333357718695925 0.014553573320977708 0.024235466645263153
2 0.11841763938556127 0.24694406686865517 0.011428573320977709 0.024112965285497154
2 0.09798608829710213 0.28959948600169605 0.01767857332097771 0.0243579680050293
2 0.10012894165514674 0.3370904084140937 0.01778770072563942 0.02962112589976614
2 0.07739084610165045 0.3401496419768422 0.016170637023308565 0.026928296272514647
2 0.056116046827289864 0.310344764037427 0.00970238221398514 0.016156977763508818
2 0.06285712014826757 0.28690555623064334 0.008085318511654283 0.013464148136257324
2 0.05733380644593672 0.28932275779842115 0.00485119110699257 0.008078488881754409
2 0.05161951978544786 0.3009504856819884 0.008085318511654283 0.013464148136257324
2 0.045659696464470156 0.3244203188287135 0.011319445916315996 0.01884980739076024
2 0.04484124092950732 0.3638940030392399 0.009756945916315995 0.01878855671087709
2 0.06202874092950732 0.36456776051795325 0.011319445916315996 0.018849807390760313