2 0.54296875 0.3973684210526316 0.034375 0.03684210526315789
2 0.503125 0.5342105263157895 0.04453125 0.05526315789473684
2 0.61640625 0.5513157894736842 0.01640625 0.025
2 0.38671875 0.5184210526315789 0.07265625 0.056578947368421055
2 0.05859375 0.1368421052631579 0.03203125 0.02763157894736842
2 0.11171875 0.14078947368421052 0.02890625 0.034210526315789476
2 0.1875 0.11578947368421053 0.040625 0.03684210526315789
2 0.33984375 0.015789473684210527 0.0140625 0.015789473684210527
2 0.4 0.08157894736842106 0.0203125 0.025
2 0.4484375 0.09210526315789473 0.0203125 0.030263157894736843
2 0.46015625 0.09868421052631579 0.00390625 0.015789473684210527
2 0.4671875 0.09868421052631579 0.00859375 0.015789473684210527
2 0.5375 0.17894736842105263 0.0078125 0.015789473684210527
2 0.54453125 0.13026315789473683 0.0078125 0.013157894736842105
2 0.53671875 0.125 0.00546875 0.010526315789473684
2 0.50859375 0.11710526315789474 0.00546875 0.009210526315789473
2 0.5015625 0.11447368421052631 0.00703125 0.011842105263157895
2 0.49375 0.10921052631578948 0.00625 0.010526315789473684
2 0.48671875 0.10657894736842105 0.00625 0.009210526315789473
2 0.75625 0.5092105263157894 0.00625 0.010526315789473684
2 0.73125 0.48289473684210527 0.00625 0.009210526315789473
2 0.73515625 0.48947368421052634 0.0046875 0.007894736842105263
2 0.73984375 0.4934210526315789 0.00625 0.007894736842105263
1 0.71796875 0.4723684210526316 0.0203125 0.02631578947368421