2 0.5350545149264636 0.8364503304059318 0.016443871551297562 0.02784850967026267
2 0.5247898015611951 0.6374725531468927 0.03888543758467104 0.09826209855739368
2 0.5107383469023536 0.4090875914078275 0.048008132066746964 0.14113372181357778
2 0.2108589348711376 0.04839993761100725 0.02253009724103805 0.023198439854157277
2 0.3408186725466657 0.25383986647913503 0.04381859905006032 0.10661665145847253
2 0.1899378459978426 0.4185329370720075 0.005997694482076011 0.042565079216868335
2 0.24285704884766163 0.7325585547004269 0.010030097241038049 0.02197226369689456
2 0.21517910617460786 0.6902493381262301 0.009866322930778538 0.01670910580215772
2 0.2139441547951269 0.6795697503170989 0.006495661465389269 0.008507824920736528
2 0.19410304556830127 0.5113279243183626 0.013646420171816498 0.03806828142042072
2 0.19422919832726326 0.5324571919071388 0.009620661465389268 0.008814368960052457
2 0.19456006897404962 0.5470075121274941 0.012991322930778492 0.017015649841473354
2 0.2070290914752868 0.6247793857879279 0.006577548620519025 0.011139403868105097
2 0.20509477725093558 0.6113915830215991 0.00978443577564878 0.0140775268547893
2 0.20316046302658433 0.5980037802552701 0.006741322930778537 0.01640256176284194
2 0.2005267859573628 0.5819077625317439 0.006741322930778537 0.01640256176284179