2 0.3593304262156861 0.881204475447673 0.0462599303072194 0.12319662313336421
2 0.3433854784852716 0.7897258616209714 0.037901793283910835 0.09649797802496299
2 0.3847892392850448 0.6787119584385463 0.040917665879249124 0.0913879623841129
2 0.36859132041057086 0.6503146682217431 0.03623016587924912 0.09115824900328248
2 0.5313666281224518 0.7844789982071323 0.05127481252120454 0.13921581019840532
2 0.5566071863824872 0.5714601654085317 0.037901793283910835 0.0964979780249627
2 0.5158780042611693 0.3762396912937814 0.025927582939624473 0.04596198013635863
2 0.504578405712448 0.43352185912033897 0.02932540145127884 0.05927301712708763
2 0.2172842807548571 0.6928489833447555 0.019623019237293704 0.04302411668121642
2 0.22798367857793886 0.6066194470971452 0.022748019237293703 0.043177258935103165
2 0.23430560044763774 0.5727534908526014 0.014444445916315996 0.019110192774070056
1 0.2794147146054555 0.41460087999837497 0.0231299651536097 0.06159831156668211
2 0.5745263179635002 0.3817426875015297 0.014662700725639511 0.029636508563543742
2 0.51480408838192 0.2868042926467268 0.016334328130301046 0.034976237585224106
2 0.5696974303072194 0.1488479506594244 0.006468254809323426 0.010832600297247552
2 0.5711508029025577 0.14366136389163103 0.004851191106992658 0.008124450222935646
2 0.5782911803072194 0.14926909185761347 0.006468254809323426 0.010832600297247514
2 0.5432167758607156 0.15149360992243818 0.006468254809323426 0.010832600297247552
2 0.5319345354793625 0.1719719580493096 0.00970238221398514 0.01624890044587129
2 0.5356770943723699 0.16426864902456295 0.006468254809323426 0.010832600297247514
2 0.5387202488188736 0.16047442285739727 0.006413691106992659 0.008201021349879094