2 0.506889398175933 0.8337993738574276 0.057361513840164594 0.11267008958538022
2 0.3699915760465423 0.7388743791373106 0.06769151878308036 0.15251127787520496
2 0.39503002121735725 0.5120084336884801 0.047795512851581276 0.10440784866397666
2 0.41858687943003375 0.31405923132076086 0.021203837946721472 0.0376383641016374
2 0.6842822277196975 0.8710451092588314 0.024519838935304607 0.04565560230350881
2 0.6942912390884041 0.7805618889740361 0.027708505931498983 0.048409682610643386
2 0.6967769105332227 0.7424652449170771 0.014571835969555202 0.02160388769789458
2 0.6948324085560564 0.7581934679214045 0.011255834980972068 0.013586649496023472
2 0.6979056704190544 0.6634872511560829 0.008130834980972067 0.013464148136257324
2 0.6968060854380825 0.6766145205529834 0.011319501977166269 0.016218228443391894
2 0.6979547499628189 0.6937810343907612 0.00975700197716627 0.01615697776350867
2 0.6967914979856525 0.7095398827350302 0.009820668973360824 0.01878855671087709
2 0.7002785953239142 0.5977284028118139 0.011383168973360825 0.018849807390760313
2 0.6999602603429423 0.610886297548656 0.008130834980972067 0.013464148136257324
2 0.674943014297275 0.5782967139621646 0.01619800296574958 0.02429671732514623
2 0.7062580454004639 0.9911838419433923 0.010075336958138337 0.017632316113215557
1 0.5083762326997945 0.15821749239853874 0.027644838935304606 0.04577810366327489
2 0.5042935691636412 0.1330337403588896 0.008130834980972067 0.013464148136257324
2 0.5021726536503215 0.12373133802327556 0.00813083498097189 0.013464148136257324
2 0.5008329881370018 0.11445956102760306 0.008130834980972067 0.013464148136257324
2 0.4939118260837233 0.07731120236502995 0.011383168973360825 0.01884980739076024