2 0.14297004448624284 0.35526315789473684 0.01801517095052709 0.034210526315789476
2 0.15367012254713258 0.3131578947368421 0.01776050296574949 0.02368421052631579
1 0.12455296691964471 0.40131578947368424 0.03953734387822054 0.08421052631578947
2 0.22743127471457933 0.19736842105263158 0.03220500494291585 0.039473684210526314
2 0.40607358646384667 0.025 0.0354573389353046 0.04473684210526316
2 0.37083642342198503 0.05394736842105263 0.037083505931499075 0.04736842105263158
2 0.4780652860832859 0.2881578947368421 0.06890650889724874 0.07105263157894737
2 0.5679010603035737 0.48157894736842105 0.07984400889724856 0.07105263157894737
2 0.5784910504177418 0.4026315789473684 0.07528384288963733 0.07631578947368421
2 0.7578283819386729 0.3881578947368421 0.048212006920082116 0.05526315789473684
2 0.7374787312541008 0.5157894736842106 0.060839340912470875 0.060526315789473685
2 0.9326055474519924 0.37894736842105264 0.017760502965749582 0.02368421052631579
2 0.9437977154367699 0.3894736842105263 0.013073002965749581 0.02368421052631579
2 0.953363716425353 0.3973684210526316 0.011446835969555025 0.021052631578947368
2 0.998946153916058 0.46842105263157896 0.0021076921678840677 0.013157894736842105
2 0.9510464827369756 0.5276315789473685 0.016325336958138335 0.02894736842105263