2 0.0546875 0.1355263157894737 0.03203125 0.038157894736842106
2 0.1109375 0.1394736842105263 0.03125 0.03289473684210526
2 0.1875 0.11447368421052631 0.03984375 0.034210526315789476
2 0.33984375 0.014473684210526316 0.0140625 0.017105263157894738
2 0.39921875 0.08157894736842106 0.02265625 0.02368421052631579
2 0.44765625 0.09210526315789473 0.02109375 0.02894736842105263
2 0.46015625 0.09736842105263158 0.00390625 0.014473684210526316
2 0.46796875 0.1 0.00859375 0.019736842105263157
2 0.50859375 0.11973684210526316 0.00546875 0.009210526315789473
2 0.50234375 0.11710526315789474 0.00703125 0.010526315789473684
2 0.49375 0.11315789473684211 0.00625 0.010526315789473684
2 0.4859375 0.10921052631578948 0.00703125 0.010526315789473684
2 0.53671875 0.13157894736842105 0.0046875 0.007894736842105263
2 0.54453125 0.13421052631578947 0.00859375 0.013157894736842105
2 0.559375 0.1736842105263158 0.0109375 0.014473684210526316
2 0.3171875 0.3223684210526316 0.05390625 0.056578947368421055
2 0.3875 0.5763157894736842 0.071875 0.06447368421052632
2 0.509375 0.6 0.0484375 0.05131578947368421
2 0.615625 0.618421052631579 0.015625 0.02236842105263158
2 0.75625 0.5710526315789474 0.00703125 0.013157894736842105
2 0.73984375 0.5526315789473685 0.00625 0.009210526315789473
2 0.73125 0.5407894736842105 0.00625 0.010526315789473684
2 0.734375 0.5473684210526316 0.0046875 0.010526315789473684
1 0.71796875 0.5276315789473685 0.01953125 0.031578947368421054