2 0.557636540937535 0.5176434962377201 0.037210365691319504 0.09351402879520468
2 0.5452793984607294 0.3014865184742113 0.04716724715020852 0.13598679603239772
2 0.3860660929898959 0.13743608830386017 0.04044446846486114 0.1015312669970761
2 0.23659472948277793 0.2828105618288892 0.017769381458888844 0.042779020636608246
2 0.24093804378732658 0.3710909579254974 0.020894381458888934 0.042901521996374245
2 0.24529888867708355 0.4041388214673102 0.012718205547083361 0.016279479123274817
2 0.24433580072118072 0.39095030139052667 0.00944773518236115 0.005630661974034985
2 0.2557103650257294 0.47950632554660855 0.006395470364722211 0.010771318509005829
2 0.2547654608654169 0.4676335949435091 0.006431837955902786 0.01340289745637425
2 0.25222168911392384 0.45306803471315826 0.006395470364722211 0.010771318509005829
2 0.24967791736243078 0.4385024744828073 0.007994337955902786 0.013464148136257324
2 0.2618882830537502 0.5310364923998835 0.006395470364722211 0.010771318509005978
2 0.263632621009653 0.5442556378166086 0.007994337955902786 0.013464148136257324
2 0.2899593848773614 0.5847399582452051 0.00803070554708336 0.016095727083625746
2 0.5649606912981253 0.7086167219615798 0.014426175911805571 0.026867045592631724
1 0.5057331212939935 0.8864604780009364 0.025581881458888844 0.043085274036023316
2 0.5138183782278476 0.9065035735056148 0.0063954703647222996 0.010771318509005978
2 0.5170524810013892 0.9145208117074862 0.006322735182360972 0.005508160614269137
2 0.5203047675705212 0.9238538393830416 0.0063954703647222996 0.010771318509005978
2 0.5316604948690977 0.9545457520369598 0.006431837955902786 0.0134028974563744