2 0.7197039726686818 0.06731845881828903 0.026907945337363515 0.051562244950946606
2 0.7521817600254533 0.35989991935799714 0.014189769334818081 0.019248123487962458
2 0.7534897213558172 0.32314971085665967 0.026889764003817974 0.048930666003578205
2 0.7489380340149538 0.22949891632052974 0.01904090133672707 0.04320802429973942
2 0.574873278007636 0.12850890207425603 0.055596566677272106 0.13479533403213462
2 0.5163175327020892 0.46966177046852403 0.04600339067472685 0.1026650060927913
2 0.5877198180299077 0.4054679688806829 0.039662484006999676 0.08913952430866764
2 0.42137665535486263 0.29177954370666914 0.058848836012090365 0.15340018018735443
2 0.4323697940404072 0.526541450593381 0.044477253341817756 0.10783626722570776
2 0.48811181138604304 0.6823894162044629 0.03170453333863606 0.06762740892061832
2 0.44470725672340644 0.7298163068734922 0.017405676002545434 0.03258981174844549
2 0.5125316507399512 0.9389850771455955 0.00948408800127254 0.016340854255132865
2 0.5130492714035422 0.9008731307896635 0.012645450668363622 0.021787805673510487
2 0.524159494072224 0.9265164081224062 0.011064769334818082 0.019064329964321527
2 0.5211072194064057 0.9368589303882393 0.00793976933481808 0.01888053644068075
2 0.5188089227402694 0.9433000326139297 0.007903406667727353 0.013617378545943906
2 0.5173191480744512 0.9537344516415829 0.00792158800127254 0.016248957493312326
1 0.4878043707431329 0.9769884131669956 0.012627269334818081 0.019156226726142065