1 0.4564681883116027 0.056842417305112185 0.07231137662320535 0.04774338008735906
2 0.7226443875802541 0.28150373705397935 0.044540932629559826 0.07974768673509726
2 0.6556148003243116 0.1408295753723861 0.038045470779006864 0.05557320517143674
2 0.8202478648520828 0.5100330019524337 0.023982970779006508 0.05447009533741113
1 0.940168852677218 0.4063741085641457 0.020639782467404187 0.03317232823979138
2 0.4765075474816425 0.55932260049249 0.07735343262955982 0.08232160968115695
2 0.3057762617678275 0.4302345249203039 0.0569045649348082 0.06757033407294467
2 0.20304277394269216 0.53524166366129 0.025436376623205435 0.044066347307273636
2 0.19713764731948671 0.49270741334571866 0.03171365016215581 0.04718819729198667
2 0.23048593546893364 0.4716584096451308 0.041197744317957155 0.058449919637477504
2 0.16404272930042346 0.3875631953319585 0.0285341030842551 0.04167990387857745
2 0.048487687497528534 0.6112040663441821 0.01740568831160272 0.022400876931645466
2 0.10992797361838061 0.43853648164992903 0.01746023538950343 0.027664034826382158
2 0.09755070454365712 0.4493980448383975 0.014335235389503409 0.027418899307709927
2 0.08674957223840882 0.4616979652598863 0.017460235389503385 0.027664034826382158