2 0.0422428109449909 0.20051795342549944 0.03881019448207603 0.044310785441584094
2 0.09528592378986114 0.19476188457623786 0.034122694482076034 0.04403509515612292
2 0.16918044719560948 0.1548245242193855 0.04349769448207601 0.044586475727045265
2 0.31376925090451113 0.022410121320132773 0.016198210085908292 0.019340020249782836
2 0.3788520183173657 0.07658303930851229 0.024338258706427317 0.03032581984835846
2 0.5419185843507393 0.1355387254725912 0.011510710085908293 0.019064329964321676
2 0.5274499706013579 0.0981619532112224 0.009784435775648604 0.013709275307764444
2 0.5179521398686633 0.0947659653610921 0.006577548620519025 0.010893902836755244
2 0.4281526554724954 0.07631987025853847 0.024502033016686832 0.0355889777430953
2 0.44003517978275497 0.0808938024396224 0.008303822930778536 0.016248957493312476
2 0.4485879862051901 0.07907258077592604 0.01159259724103805 0.0216959089116901
2 0.49118492198083885 0.08974926294361765 0.006577548620519025 0.010893902836755244
2 0.48411272840327396 0.08884700889812518 0.006659435775648781 0.013525481784123664
2 0.47539614767057936 0.08540507266708469 0.006577548620519025 0.010893902836755244
2 0.4667205105154496 0.08327892590972842 0.011510710085908293 0.019064329964321676
2 0.32746101594251653 0.3366540636261081 0.05977779172311406 0.06655807492419653
2 0.4076099406368888 0.5731703378856706 0.08049972749876275 0.0809106275647037
2 0.5312521585247131 0.5724894410702809 0.05500840456798421 0.06365080569136694
2 0.6391056021022781 0.5674643539783583 0.017924484396167804 0.024695074906340077
1 0.7350898094746527 0.45768154118171095 0.024583920171816587 0.038220556690463744
2 0.747876414517607 0.4661568934029373 0.006577548620519025 0.010893902836755244
2 0.7527686324054313 0.47246015048589723 0.006577548620519025 0.010893902836755244
2 0.757578963138126 0.4761318286214887 0.006577548620519025 0.010893902836755244
2 0.7752577860689045 0.4909104379256749 0.008140048620519025 0.010985799598575634