1 0.09375 0.5157894736842106 0.0125 0.02236842105263158
1 0.10703125 0.5157894736842106 0.01796875 0.03289473684210526
2 0.12109375 0.5197368421052632 0.0125 0.019736842105263157
2 0.22734375 0.3736842105263158 0.0234375 0.034210526315789476
2 0.25625 0.3105263157894737 0.03203125 0.042105263157894736
2 0.128125 0.46842105263157896 0.01015625 0.017105263157894738
2 0.69921875 0.4881578947368421 0.05 0.04473684210526316
2 0.5421875 0.49605263157894736 0.06796875 0.04736842105263158
2 0.69296875 0.29473684210526313 0.04765625 0.04868421052631579
2 0.33515625 0.15 0.03125 0.035526315789473684
2 0.36640625 0.11447368421052631 0.025 0.034210526315789476
2 0.40625 0.05 0.01640625 0.025
2 0.41640625 0.02368421052631579 0.021875 0.017105263157894738
2 0.49609375 0.009210526315789473 0.025 0.018421052631578946
2 0.490625 0.05789473684210526 0.03046875 0.02763157894736842
2 0.86953125 0.3118421052631579 0.01484375 0.019736842105263157
2 0.88125 0.31973684210526315 0.0125 0.021052631578947368
2 0.89140625 0.3236842105263158 0.00859375 0.018421052631578946
2 0.94765625 0.39473684210526316 0.0078125 0.011842105263157895
2 0.93828125 0.37763157894736843 0.00546875 0.010526315789473684
2 0.94375 0.38026315789473686 0.0046875 0.009210526315789473