2 0.05703125 0.13815789473684212 0.03359375 0.02763157894736842
2 0.1109375 0.14210526315789473 0.03125 0.03684210526315789
2 0.18671875 0.11578947368421053 0.040625 0.034210526315789476
2 0.340625 0.015789473684210527 0.0125 0.015789473684210527
2 0.4 0.08157894736842106 0.02109375 0.025
2 0.53671875 0.12631578947368421 0.00625 0.007894736842105263
2 0.54453125 0.12894736842105264 0.0078125 0.011842105263157895
2 0.50859375 0.11710526315789474 0.00546875 0.009210526315789473
2 0.5015625 0.11447368421052631 0.00703125 0.010526315789473684
2 0.49375 0.10921052631578948 0.00703125 0.009210526315789473
2 0.48671875 0.10657894736842105 0.00625 0.007894736842105263
2 0.4671875 0.09868421052631579 0.01015625 0.015789473684210527
2 0.459375 0.09868421052631579 0.00390625 0.013157894736842105
2 0.4484375 0.09078947368421053 0.01875 0.02894736842105263
2 0.5375 0.18026315789473685 0.0078125 0.017105263157894738
2 0.38828125 0.5157894736842106 0.071875 0.05394736842105263
2 0.509375 0.5355263157894737 0.04921875 0.04868421052631579
2 0.54296875 0.3986842105263158 0.03515625 0.038157894736842106
2 0.615625 0.55 0.015625 0.021052631578947368
2 0.75625 0.5092105263157894 0.00625 0.010526315789473684
2 0.73984375 0.4934210526315789 0.00625 0.007894736842105263
2 0.73515625 0.48947368421052634 0.0046875 0.007894736842105263
2 0.73125 0.48289473684210527 0.0078125 0.011842105263157895
1 0.71796875 0.4710526315789474 0.0203125 0.030263157894736843