2 0.9650150320507039 0.16633945097286415 0.04193494292790554 0.04896093872959067
2 0.8814919026050339 0.11560774324567127 0.05152826674922295 0.05722317965099423
2 0.6481121683207995 0.019379060633683297 0.02565497146395277 0.024664221404444478
2 0.468953361248705 0.07382193521280636 0.014571922249740864 0.01897230875052635
2 0.5932427318030349 0.01893178211637386 0.0293621683207995 0.03786356423274772
2 0.5799978691065879 0.016780307313858833 0.008321922249741043 0.01872730603099416
2 0.5714041191065878 0.01711718605321557 0.01315497146395277 0.024174215965380136
2 0.5503831437136937 0.020575649179005076 0.011374147642635179 0.016218228443391828
2 0.5411173056243526 0.024890521679355963 0.008176373035529316 0.013464148136257324
2 0.5309974429279054 0.026604440572279953 0.011446922249741042 0.018849807390760257
2 0.5240025802314584 0.028195858105437857 0.008176373035529316 0.013464148136257324
2 0.48348674214211707 0.03373574420344961 0.011446922249740865 0.018849807390760247
2 0.49126285483856424 0.032113701330350186 0.008176373035529316 0.013464148136257324
2 0.7061901497095497 0.30952430203532066 0.07107878742738745 0.08690555623064337
2 0.6194265119917121 0.5658309217756717 0.0916823858558109 0.0982281308585967
2 0.4831979135632887 0.5606334151360227 0.06304796360606986 0.07870456598912288
2 0.3631936286171006 0.5482138289891808 0.02118579528527027 0.03237520620690056
2 0.2105009681541838 0.4567254732053213 0.009884422249741042 0.01878855671087709
2 0.22963195781510165 0.441486155496257 0.008176373035529316 0.013464148136257324
2 0.23577279590444283 0.4372937843556722 0.006541098428423453 0.010771318509005978
2 0.24109599669023113 0.43181624908134475 0.00824914764263518 0.016095727083625746
1 0.25639351095825474 0.4193616370193564 0.026164393713693633 0.04308527403602347