2 0.6950761426639092 0.019848342027017074 0.05981135200509069 0.03969668405403415
2 0.6366358393141371 0.21313699200461897 0.06929544000636341 0.08164239833590653
2 0.5479545999761374 0.2744923922601162 0.06615225867281786 0.07888831802877203
2 0.47418983597231945 0.32473959526725077 0.05674089600572714 0.07325765605473697
2 0.44834385662000215 0.5612152965949117 0.05986589600572696 0.07338015741450298
2 0.4631903433322728 0.00222629859342073 0.012627269334818081 0.00445259718684146
2 0.4514534119987273 0.005102880260321324 0.014226132001909165 0.010205760520642648
2 0.4317494393300456 0.0238536606965491 0.022038632001908986 0.02454172004467839
2 0.18667055995386578 0.5648958381069004 0.009484088001272673 0.016156977763508818
2 0.19537339795513844 0.5487694856833331 0.011064769334818125 0.018849807390760313
2 0.18863250194941142 0.6200671199818126 0.009484088001272673 0.01615697776350867
2 0.5822830519573656 0.5059783634649114 0.08966248400699968 0.09033339401649129