2 0.8813835917969086 0.5883198936517389 0.023058068401734032 0.0352825220929979
2 0.9059439760401279 0.5317268659676725 0.021313557878390555 0.029942793071317534
2 0.9336671576383939 0.49893290550033714 0.019660052616718816 0.027234642997005887
1 0.9638551865775892 0.5148614411227892 0.031052578925077866 0.04092853562245206
1 0.9816041286991988 0.4868329262250581 0.02278505261671846 0.027387785250892634
2 0.9467208944842141 0.49300481271093544 0.010103042093374625 0.02151205834060821
2 0.5074154707784562 0.5095696496497211 0.07856461575678075 0.0616467220623349
2 0.719822278445085 0.9232415511925933 0.029308068401734035 0.03558880660077169
2 0.7511331916274995 0.8814284922268272 0.03739358418674961 0.04386639907759457
2 0.14024962855802445 0.6951782331678144 0.014972552616718504 0.02700492961617532
1 0.17521616275889146 0.7139680611184652 0.060633663111827295 0.08441207906532931
2 0.11920908646464964 0.6731301769386019 0.014790542093374803 0.02174177172143848
2 0.06321742072198641 0.587632021780419 0.006705026308359252 0.013464179244615898
2 0.06610720229201753 0.6035363521550445 0.006614021046687402 0.010832600297247478
2 0.07599043650700196 0.5961393276380719 0.008176521046687401 0.010909171424191