2 0.9846588428896373 0.18199846039760764 0.03068231422072536 0.039810505936423705
2 0.9297922707602467 0.17486069516576588 0.04008117193911005 0.04248801511914181
2 0.8468060158173308 0.13458323183662074 0.04951983893530496 0.04521145453720954
2 0.6130557569200822 0.06125705360786583 0.024137836958138335 0.029177019597800866
2 0.4550323512925944 0.147845665303595 0.013073002965749581 0.023806691153914834
2 0.4521328443725121 0.09256719733040826 0.011383168973360825 0.01852822318072812
2 0.46066292737631775 0.09001982381451419 0.006504667984777513 0.010587556103273244
2 0.49178559338392897 0.085062867488775 0.006504667984777513 0.010587556103273206
2 0.4995344263877346 0.08250783893365599 0.008130834980972067 0.013234445129091516
2 0.5080008423953457 0.0773288864703935 0.008067167984777513 0.010602866181723096
2 0.5173121753991514 0.07478916799372437 0.008067167984777513 0.010602866181723096
2 0.5592450074143738 0.06467622432239752 0.02439250494291585 0.03970333538727457
2 0.5468723414067626 0.0698169015895353 0.006632001977166268 0.01585071399801005
2 0.5382785914067625 0.06973269615806095 0.011446835969555025 0.021159802128096542
2 0.6121723251323212 0.6058561050070801 0.0862850098858317 0.07977411265734627
2 0.528331882927256 0.4011355776243083 0.05465300790866543 0.06367843740413802
2 0.4772389096190016 0.6137423095369547 0.06096667490485981 0.06637125666530608
2 0.35927015961900166 0.6125863986139886 0.021012836958138336 0.029146399440901107
2 0.20439431722365584 0.5387175898732686 0.009757001977166358 0.015881334154909752
2 0.22269864825029514 0.5204802581830882 0.006504667984777513 0.01058755610327317
2 0.2288213142579063 0.5152783406021508 0.004878500988583135 0.007940667077454876
2 0.23260023026551754 0.5100534579035387 0.006504667984777513 0.01058755610327317
1 0.2479387287826428 0.4983644534248796 0.02432883794672147 0.03707175643990611