1 0.10390625 0.5236842105263158 0.02109375 0.025
1 0.203125 0.5144736842105263 0.0734375 0.13421052631578947
2 0.33515625 0.15 0.03046875 0.034210526315789476
2 0.365625 0.11315789473684211 0.02265625 0.030263157894736843
2 0.46796875 0.2381578947368421 0.04375 0.046052631578947366
2 0.43828125 0.2894736842105263 0.046875 0.05
2 0.41640625 0.02368421052631579 0.0203125 0.018421052631578946
2 0.54296875 0.49605263157894736 0.06875 0.05
2 0.5734375 0.275 0.06953125 0.060526315789473685
2 0.6484375 0.29473684210526313 0.05390625 0.05
2 0.9328125 0.44473684210526315 0.0140625 0.02236842105263158
2 0.91875 0.425 0.0109375 0.017105263157894738
2 0.92109375 0.3960526315789474 0.0125 0.018421052631578946
2 0.8671875 0.3105263157894737 0.01484375 0.019736842105263157
2 0.8796875 0.31973684210526315 0.0125 0.02236842105263158
2 0.8921875 0.33026315789473687 0.01484375 0.025