1 0.45859375 0.13157894736842105 0.0734375 0.05131578947368421
2 0.4671875 0.1 0.009375 0.015789473684210527
2 0.4484375 0.09210526315789473 0.021875 0.02894736842105263
2 0.4 0.08157894736842106 0.0203125 0.025
2 0.53203125 0.14210526315789473 0.0125 0.015789473684210527
2 0.11015625 0.14342105263157895 0.0328125 0.02894736842105263
2 0.18671875 0.11710526315789474 0.040625 0.035526315789473684
2 0.32421875 0.31973684210526315 0.0625 0.060526315789473685
2 0.3625 0.28421052631578947 0.05 0.04736842105263158
2 0.428125 0.34078947368421053 0.04609375 0.05263157894736842
2 0.44140625 0.3144736842105263 0.046875 0.04736842105263158
2 0.38828125 0.5763157894736842 0.07109375 0.06184210526315789
2 0.50859375 0.6026315789473684 0.04921875 0.05394736842105263
2 0.575 0.5092105263157894 0.0296875 0.04078947368421053
2 0.61328125 0.5263157894736842 0.02578125 0.03684210526315789
2 0.66171875 0.5184210526315789 0.0171875 0.02368421052631579
2 0.615625 0.6171052631578947 0.01484375 0.018421052631578946
2 0.7265625 0.5381578947368421 0.00859375 0.013157894736842105
2 0.73203125 0.5434210526315789 0.00546875 0.009210526315789473
2 0.734375 0.5473684210526316 0.0046875 0.007894736842105263
2 0.73828125 0.5526315789473685 0.00390625 0.009210526315789473
2 0.74140625 0.5513157894736842 0.003125 0.006578947368421052
2 0.74375 0.593421052631579 0.00546875 0.007894736842105263
2 0.7453125 0.6065789473684211 0.0046875 0.009210526315789473
2 0.74765625 0.5960526315789474 0.0046875 0.007894736842105263
2 0.75078125 0.6092105263157894 0.0046875 0.007894736842105263