2 0.05625 0.13815789473684212 0.0359375 0.031578947368421054
2 0.11015625 0.14210526315789473 0.03515625 0.035526315789473684
2 0.1875 0.11578947368421053 0.040625 0.034210526315789476
2 0.3375 0.33157894736842103 0.05390625 0.05526315789473684
2 0.33984375 0.015789473684210527 0.01484375 0.015789473684210527
2 0.4 0.08157894736842106 0.02109375 0.025
2 0.54375 0.13421052631578947 0.00859375 0.011842105263157895
2 0.53671875 0.12894736842105264 0.00625 0.010526315789473684
2 0.4484375 0.09210526315789473 0.021875 0.030263157894736843
2 0.459375 0.09736842105263158 0.00390625 0.014473684210526316
2 0.4671875 0.09868421052631579 0.00859375 0.018421052631578946
2 0.50859375 0.11842105263157894 0.00546875 0.009210526315789473
2 0.49375 0.11052631578947368 0.00703125 0.011842105263157895
2 0.4859375 0.10789473684210527 0.00859375 0.014473684210526316
2 0.50234375 0.11578947368421053 0.00703125 0.013157894736842105
2 0.55234375 0.1723684210526316 0.01015625 0.014473684210526316
2 0.3875 0.5736842105263158 0.0734375 0.06184210526315789
2 0.509375 0.6013157894736842 0.04921875 0.05131578947368421
2 0.615625 0.618421052631579 0.015625 0.02236842105263158
2 0.75546875 0.5710526315789474 0.00625 0.013157894736842105
2 0.73984375 0.5526315789473685 0.00625 0.009210526315789473
1 0.71875 0.5289473684210526 0.02109375 0.03289473684210526
2 0.73125 0.5421052631578948 0.00546875 0.010526315789473684
2 0.734375 0.5460526315789473 0.0046875 0.009210526315789473