2 0.6087221455228727 0.3959665376294273 0.017924484396167627 0.025032455879013888
2 0.6413841593176827 0.5040487539888964 0.02433825870642714 0.030785884811095343
2 0.7549011047042699 0.42985632805965995 0.008221935775648781 0.01377073353352306
2 0.7377988138856669 0.4509377876392615 0.006577548620519025 0.011016586826818447
2 0.7336878459978425 0.45721031560934217 0.006577548620519025 0.011016586826818447
2 0.730399071687583 0.4622283379854067 0.006577548620519025 0.011016586826818447
1 0.7174077487568045 0.4770372695949277 0.02450203301668665 0.03604904270583219
2 0.5394111442796774 0.8112909403985881 0.015127033016686654 0.03531363614981489
2 0.4037016163513732 0.9694775851255958 0.024338258706427317 0.030785884811095194
2 0.5507304245828306 0.9005519449694558 0.008221935775648781 0.01377073353352306
2 0.5427541502725711 0.9052022640675116 0.006577548620519025 0.011016586826818447
2 0.5149190773417927 0.918846801963339 0.006495661465389269 0.008385007879450027
2 0.506983746609098 0.9221813315877108 0.006577548620519025 0.011016586826818447
2 0.4997477787212736 0.928208724039119 0.006577548620519025 0.011016586826818447
2 0.49099025441101407 0.9327977592575067 0.008221935775648604 0.01377073353352306
2 0.47261206863536537 0.9445461247619829 0.01159259724103805 0.021910605894300703
2 0.4647176814802356 0.9465648649126703 0.005178822930778537 0.0161571769622191
2 0.45279421359241123 0.9522245540860701 0.024502033016686832 0.036049042705832035
2 0.49894103177349136 0.42560597309240483 0.05657090456798421 0.06481618736624006
2 0.3748108129811558 0.46335282503714625 0.0805816146538925 0.08507575638786156
2 0.007746143713850445 0.8774513551867236 0.01549228742770089 0.035926474946496145
2 0.10485135854945708 0.9341637539495593 0.03724769448207601 0.04492432162262682
2 0.18408847919624347 0.9548883938862308 0.04514208163720577 0.0481687393666762
2 0.0465065920411137 0.9467340100120153 0.04357958163720579 0.04804617160734001
2 0.07667544889309015 0.858089472116188 0.02285764586155703 0.03329489599912772