2 0.41640625 0.02368421052631579 0.021875 0.018421052631578946
1 0.4234375 0.09736842105263158 0.0953125 0.13026315789473683
2 0.36640625 0.11315789473684211 0.025 0.02894736842105263
2 0.33515625 0.15 0.03046875 0.03684210526315789
2 0.4109375 0.3013157894736842 0.04609375 0.05
2 0.45234375 0.2381578947368421 0.04765625 0.042105263157894736
2 0.4890625 0.2802631578947368 0.05234375 0.05394736842105263
2 0.54296875 0.49605263157894736 0.06953125 0.05
2 0.61875 0.2657894736842105 0.04765625 0.046052631578947366
1 0.5796875 0.2026315789473684 0.1484375 0.08421052631578947
2 0.69765625 0.27631578947368424 0.04140625 0.04473684210526316
2 0.84375 0.33289473684210524 0.02109375 0.02894736842105263
2 0.87890625 0.31973684210526315 0.0140625 0.021052631578947368
2 0.89140625 0.32894736842105265 0.01484375 0.025
1 0.1140625 0.5105263157894737 0.025 0.031578947368421054
1 0.09765625 0.5236842105263158 0.01796875 0.025