2 0.015106328651614664 0.7722076652289077 0.030212657303229327 0.03979519585797406
2 0.06917516335335354 0.7808746837597264 0.03451135538619425 0.03981050593642378
2 0.14480642242853983 0.823553197586486 0.04390453610435348 0.04516552430185985
2 0.27745127166641403 0.6446279170101026 0.05961134933607006 0.06900283561267449
2 0.3829887202403583 0.39754951017501305 0.0799602107723885 0.0797281824219965
2 0.5071983798812787 0.3989639378856159 0.05332498789975162 0.05841527950940118
2 0.6181358798812787 0.39787692231567423 0.01728749394987581 0.029115779284001362
2 0.2920036092950191 0.9550011320150774 0.012536361436318444 0.010648796417072653
2 0.3578058712970717 0.9030423192464982 0.02198408430895542 0.03179328846671955
2 0.40781041647661154 0.9012366072624177 0.023564765027114555 0.03707175643990611
2 0.41876155201523096 0.897182068292216 0.004742042154477844 0.01583540391956029
2 0.42657405201523096 0.8971055178999665 0.011010222872636888 0.021159802128096615
2 0.5071064345287882 0.8778959962282186 0.011001132513557365 0.018528223180728196
2 0.5000706393492484 0.8792806810549274 0.004714771077238921 0.007940667077455025
2 0.4703649586310892 0.8848347304402119 0.006277271077238922 0.007955977155904747
2 0.46332461827200955 0.8875352047406049 0.006286361436318444 0.01058755610327317
2 0.45472177791292995 0.8902509891194477 0.006286361436318444 0.01058755610327317
2 0.44690927791292995 0.890327539511697 0.007857951795398143 0.01323444512909161
2 0.5447427899149825 0.8380548701348951 0.007857951795398143 0.01323444512909161
2 0.7561489642884299 0.474153559320228 0.006286361436318444 0.01058755610327317
1 0.7153966992613153 0.5113937266230829 0.023564765027114732 0.03707175643990611
2 0.7373398769544124 0.49144254341952137 0.006286361436318444 0.01058755610327317
2 0.7326341962362533 0.49675163154960783 0.004714771077238921 0.007940667077455025
2 0.7295001058771736 0.49941383065387607 0.006286361436318444 0.01058755610327317