2 0.38828125 0.575 0.07265625 0.06184210526315789
2 0.30390625 0.3157894736842105 0.0546875 0.05789473684210526
2 0.50859375 0.6013157894736842 0.04921875 0.05526315789473684
2 0.615625 0.618421052631579 0.01484375 0.02236842105263158
2 0.75625 0.5723684210526315 0.00703125 0.010526315789473684
2 0.7390625 0.5526315789473685 0.00546875 0.009210526315789473
2 0.73046875 0.5421052631578948 0.00625 0.010526315789473684
2 0.734375 0.5473684210526316 0.0046875 0.009210526315789473
1 0.71796875 0.5289473684210526 0.01796875 0.03289473684210526
2 0.54375 0.13421052631578947 0.00859375 0.013157894736842105
2 0.5359375 0.13026315789473683 0.00703125 0.009210526315789473
2 0.509375 0.11973684210526316 0.00546875 0.007894736842105263
2 0.50234375 0.11710526315789474 0.00703125 0.013157894736842105
2 0.49375 0.1118421052631579 0.00703125 0.011842105263157895
2 0.48515625 0.10789473684210527 0.00859375 0.013157894736842105
2 0.46796875 0.09868421052631579 0.009375 0.019736842105263157
2 0.44921875 0.09342105263157895 0.02265625 0.031578947368421054
2 0.459375 0.09868421052631579 0.00546875 0.013157894736842105
2 0.4 0.08289473684210526 0.02109375 0.025
2 0.340625 0.015789473684210527 0.0140625 0.017105263157894738
2 0.18671875 0.11710526315789474 0.04140625 0.03684210526315789
2 0.1109375 0.14210526315789473 0.0328125 0.035526315789473684
2 0.05859375 0.13815789473684212 0.034375 0.03684210526315789
2 0.5796875 0.17894736842105263 0.0078125 0.009210526315789473