2 0.5994889001588606 0.8726263540601743 0.04009889448011279 0.10114835953475114
2 0.44700127962473496 0.47747311414390947 0.03842730032431163 0.09057610936388749
2 0.44922407304918777 0.6919467983544357 0.048265950486467445 0.13558855775749074
2 0.7527718129029181 0.7416475420283153 0.019186376623205346 0.042656475734575476
2 0.7368313928552598 0.48467815241807877 0.011128414772652384 0.018742593301309278
2 0.7385166237805364 0.4965661920626267 0.006359094155801337 0.010710053315033831
2 0.7413785710205929 0.5466350936347119 0.004796594155801337 0.010664118933643869
2 0.7422825519458695 0.5585001660885647 0.007948867694751626 0.013387566643792214
2 0.7440086931795713 0.5743355741541654 0.007948867694751626 0.013387566643792214
2 0.7465024476437983 0.5888781599367766 0.007976141233702095 0.016019145591160786
2 0.7491734801112023 0.6205260088772827 0.012690914772652384 0.01878852768269924
2 0.7511041728870319 0.6560982590481466 0.022284103084255057 0.04011676554998698
2 0.7493371213449043 0.6363154825614933 0.007948867694751626 0.013387566643792363
2 0.7128620588457282 0.4326733472235439 0.008003414772652383 0.018650724538529204
2 0.44740860835926083 0.29069991045283655 0.014362508928453721 0.029360777853563037
2 0.49103410308425505 0.05389707996700084 0.007948867694751626 0.013387566643792325
2 0.5007363855516591 0.08575163362376217 0.006359094155801337 0.010710053315033868
2 0.5063415032464109 0.09907029869546945 0.006359094155801337 0.010710053315033868
2 0.5031619561685102 0.0937152720379525 0.006331820616851047 0.008078474367665447
1 0.512850601866439 0.12425403622102962 0.02543637662320535 0.04284021326013547