2 0.05546875 0.1368421052631579 0.0390625 0.039473684210526314
2 0.11171875 0.14210526315789473 0.03359375 0.03289473684210526
2 0.18828125 0.11578947368421053 0.040625 0.034210526315789476
2 0.3390625 0.014473684210526316 0.01484375 0.015789473684210527
2 0.4 0.08157894736842106 0.021875 0.02631578947368421
2 0.54140625 0.17894736842105263 0.01171875 0.017105263157894738
2 0.54375 0.13289473684210526 0.00859375 0.014473684210526316
2 0.5359375 0.12894736842105264 0.00625 0.009210526315789473
2 0.4484375 0.09210526315789473 0.021875 0.031578947368421054
2 0.459375 0.09868421052631579 0.00390625 0.014473684210526316
2 0.4671875 0.1 0.009375 0.018421052631578946
2 0.509375 0.11973684210526316 0.00625 0.009210526315789473
2 0.4859375 0.10789473684210527 0.0078125 0.011842105263157895
2 0.49453125 0.1118421052631579 0.00625 0.011842105263157895
2 0.5015625 0.11710526315789474 0.0078125 0.013157894736842105
2 0.43828125 0.3828947368421053 0.04765625 0.05526315789473684
2 0.509375 0.6013157894736842 0.0484375 0.05394736842105263
2 0.38671875 0.575 0.0734375 0.06184210526315789
2 0.61484375 0.6171052631578947 0.01484375 0.021052631578947368
2 0.75625 0.5723684210526315 0.00703125 0.013157894736842105
2 0.73984375 0.5526315789473685 0.0046875 0.009210526315789473
2 0.73515625 0.5486842105263158 0.0046875 0.010526315789473684
2 0.73203125 0.5421052631578948 0.0046875 0.010526315789473684
1 0.71953125 0.5276315789473685 0.0234375 0.035526315789473684