2 0.30390625 0.3157894736842105 0.053125 0.056578947368421055
2 0.38671875 0.5736842105263158 0.071875 0.060526315789473685
2 0.509375 0.6 0.05 0.05263157894736842
2 0.615625 0.618421052631579 0.01484375 0.02236842105263158
1 0.71875 0.5289473684210526 0.02109375 0.034210526315789476
2 0.73125 0.5421052631578948 0.00546875 0.010526315789473684
2 0.734375 0.5473684210526316 0.0046875 0.009210526315789473
2 0.7390625 0.5526315789473685 0.00546875 0.009210526315789473
2 0.75625 0.5723684210526315 0.00625 0.013157894736842105
2 0.05390625 0.1368421052631579 0.034375 0.031578947368421054
2 0.11015625 0.14342105263157895 0.03125 0.02631578947368421
2 0.18671875 0.11578947368421053 0.04140625 0.034210526315789476
2 0.340625 0.014473684210526316 0.0140625 0.015789473684210527
2 0.4 0.08289473684210526 0.021875 0.025
2 0.44921875 0.09210526315789473 0.02109375 0.031578947368421054
2 0.46796875 0.1 0.009375 0.019736842105263157
2 0.459375 0.09868421052631579 0.0046875 0.011842105263157895
2 0.48515625 0.10789473684210527 0.00859375 0.011842105263157895
2 0.49375 0.1118421052631579 0.00703125 0.010526315789473684
2 0.50234375 0.11710526315789474 0.00703125 0.011842105263157895
2 0.50859375 0.11973684210526316 0.00546875 0.009210526315789473
2 0.54453125 0.13421052631578947 0.0078125 0.013157894736842105
2 0.53671875 0.13157894736842105 0.0046875 0.009210526315789473
2 0.575 0.1763157894736842 0.00859375 0.010526315789473684