2 0.9575967343909035 0.12135643867459282 0.04138889183263217 0.03763825628998998
2 0.9030456436467305 0.12686364427612448 0.03513889183263217 0.03751577151663121
2 0.8220585384745874 0.10028665281913011 0.04451389183263181 0.0376994986766694
2 0.600364587748948 0.06700638554051044 0.022420637023308564 0.026744486180439963
2 0.44303572658635504 0.16256723434617718 0.012827382213985139 0.016034443230928133
2 0.5506101244094368 0.07786861261679806 0.022529764427970278 0.032007644075176804
2 0.5390005018140985 0.08290211156148716 0.006577382213985139 0.01591195845756933
2 0.5304613155164294 0.08536527394548725 0.009811509618646852 0.021236358738985554
2 0.5119022884745874 0.09420834594120038 0.009593254809323427 0.01071004294951187
2 0.5041989158792491 0.09931839786923874 0.006468254809323426 0.010648800562832449
2 0.4957142932839108 0.10441313920060726 0.008085318511654194 0.01331100070354058
2 0.4887376069862417 0.10690692277794701 0.006468254809323426 0.010648800562832449
2 0.4523462392002268 0.1219767984186747 0.00813988221398514 0.015942579650909002
2 0.4600768936467305 0.11818253596432055 0.006468254809323426 0.010648800562832449
2 0.6821652031727101 0.32113840296152396 0.059122028855940555 0.06429087889041085
2 0.629699946001134 0.5779001556500605 0.07798115626060227 0.06992149110522398
2 0.5037649285779388 0.605682996884282 0.052817465153609786 0.061536815169683665
2 0.3948264381965857 0.6245921449294506 0.01606150961864685 0.02135884351234432
2 0.2470511371081266 0.5782927001239401 0.008085318511654283 0.013311000703540505
2 0.2630481593406452 0.5588773805487438 0.006468254809323426 0.010648800562832524
2 0.267599250084818 0.5523902967603418 0.004905754809323426 0.010618179369492664
2 0.27217762268015633 0.547219002445624 0.006468254809323426 0.010648800562832524
1 0.2851587723173366 0.5330055983784852 0.022638891832631992 0.03727080196991354