2 0.11584754789197486 0.5827731334875119 0.014307961850553053 0.02382200123236478
2 0.29936738555495446 0.7424821146259283 0.036455697240056394 0.05035213180434719
2 0.35949063352635957 0.8970342311457512 0.034838650162155815 0.04507366383116062
2 0.4182656156694521 0.955510750968952 0.01751478246740401 0.03174735823136979
2 0.394360511367381 0.9250102868582419 0.028506829545304768 0.037117686675255876
2 0.5311786728936225 0.9907452979948723 0.026780688311602675 0.018509404010255463
2 0.4514366258157218 0.9943099144546779 0.023601141233702095 0.011380171090644353
2 0.6884804784929399 0.6660235112259872 0.05054547077900686 0.0531215014577646
2 0.692119721593081 0.541046476343662 0.05531479139585791 0.061062168535219626
2 0.6944322439142153 0.4686933653694803 0.05375229139585791 0.06104685845676975
2 0.5370600746773361 0.5000494393273723 0.07255683847375849 0.0664937372929052
2 0.7659702788172514 0.577300020859505 0.03640115016215582 0.045088973909610496
2 0.8587617508140741 0.5953162336851678 0.020612508928453722 0.029146399440901107
2 0.8782657272751239 0.5981391886131598 0.01587046185055314 0.02383731131081465
2 0.8900935714309253 0.5877276984120602 0.014307961850553141 0.02382200123236478
2 0.9408435937520595 0.5158491998698249 0.007948867694751626 0.01323444512909146
2 0.9455856408299603 0.5106319722104378 0.007948867694751626 0.01323444512909161
2 0.9544657629889388 0.4830845986945437 0.007948867694751626 0.01323444512909161
2 0.9672930454563428 0.4516281319537216 0.007948867694751982 0.01323444512909161