1 0.9245274457252715 0.5243027794243925 0.021131371551297563 0.027709761600887735
1 0.9151967113291036 0.5000288114596444 0.024338258706427494 0.030555797798595113
1 0.8980468328804012 0.5251114717438794 0.03231453301668665 0.0363550988191795
2 0.8779456948207602 0.4804036756102664 0.015208920171816586 0.03780716288968335
2 0.8666740021477064 0.5190195308194367 0.022775758706427496 0.030448569173425637
2 0.827195422319523 0.5530736918281876 0.024338258706427494 0.030555797798595113
2 0.7051510832190855 0.8900118902677272 0.034040807326946164 0.04172548533908567
2 0.6758696969684669 0.9260788268137641 0.030833920171816586 0.038879449141378294
2 0.4643236080951718 0.5413009312131206 0.07375840456798421 0.06545883254727076
2 0.11709116123824663 0.7314873318227548 0.018006371551297518 0.02749530435054878
2 0.06915495024782722 0.6691135610644651 0.011428822930778492 0.01654007406039703
2 0.0613048286965297 0.6423152427775181 0.009866322930778515 0.01643284543522755
2 0.0486410543862702 0.6361942558814253 0.009866322930778515 0.0164328454352274
2 0.05147612731704872 0.65214457250339 0.008221935775648758 0.01369403786268965
2 0.0383210300760107 0.6302341119230866 0.006741322930778515 0.01621838818488844
2 0.09460200757477351 0.7102492889651186 0.014799484396167762 0.024649268152841398
1 0.15113529059146028 0.7482664314744254 0.06191350180902231 0.08565363512486185