2 0.334375 0.15 0.0328125 0.03684210526315789
2 0.3671875 0.1118421052631579 0.02421875 0.03289473684210526
2 0.4171875 0.02368421052631579 0.0234375 0.019736842105263157
2 0.41875 0.29210526315789476 0.04453125 0.04736842105263158
2 0.74375 0.41842105263157897 0.03515625 0.039473684210526314
2 0.6828125 0.3394736842105263 0.05078125 0.05
2 0.79296875 0.41973684210526313 0.02265625 0.031578947368421054
2 0.79453125 0.38552631578947366 0.02734375 0.03289473684210526
1 0.8375 0.2855263157894737 0.06171875 0.07236842105263158
2 0.86953125 0.3355263157894737 0.01953125 0.030263157894736843
2 0.86875 0.3105263157894737 0.01328125 0.017105263157894738
2 0.87890625 0.31973684210526315 0.0125 0.02236842105263158
2 0.89140625 0.32894736842105265 0.0140625 0.02236842105263158
1 0.928125 0.3828947368421053 0.0234375 0.030263157894736843
1 0.94921875 0.4342105263157895 0.01796875 0.030263157894736843
2 0.54296875 0.49736842105263157 0.06796875 0.05131578947368421