2 0.8999423096630977 0.8962453643387753 0.042487508928453724 0.03308571295181441
2 0.847707653818899 0.8908536612078397 0.037909103084255234 0.0431522126823148
2 0.7664576538188991 0.898823806230048 0.04580342370110611 0.05181330962270929
2 0.5914827475676633 0.6123494480499904 0.060165932629559826 0.08214012622068256
2 0.6187600880700167 0.39016025363020157 0.08373980032431164 0.0975971012523925
2 0.49908851623534967 0.3401200938806982 0.05854888555165907 0.0767236963062879
2 0.5479940259778775 0.8926503100347787 0.025327282467404188 0.03403129968294671
2 0.501391761367381 0.87093268115083 0.025381829545304768 0.039294457577683545
2 0.48198324229265754 0.8610064761333953 0.011155688311602675 0.02212553571655223
2 0.49053608198423204 0.8641108484463298 0.004851141233702094 0.016249289743184122
2 0.44248041152953677 0.8320201757925653 0.007948867694751626 0.013924254835131334
2 0.44945711445163605 0.8365936095988419 0.007948867694751626 0.013924254835131634
2 0.4572014306042602 0.8424061968689736 0.007948867694751626 0.013924254835131334
2 0.4641644967568844 0.8482954201489343 0.007948867694751626 0.013924254835131334
2 0.4135020235422456 0.7665112915344855 0.012718188311602674 0.022278807736210195
2 0.409145760149565 0.8103155242152091 0.011101141233702094 0.016862377821815388
2 0.41610882630218915 0.8162047474951698 0.007948867694751626 0.013924254835131334
2 0.3925754634754061 0.3006192272272611 0.02058523538950343 0.028308325729236267
2 0.2610118177774773 0.3437572347732574 0.007948867694751626 0.013924254835131334
2 0.26484988393010134 0.3499530020925339 0.0032068206168510472 0.008201280881420895
2 0.2679203368522007 0.35490961594795495 0.007948867694751716 0.013924254835131334
1 0.27946180884902344 0.37086533895841584 0.025409103084255057 0.04192603652505197
2 0.24641352962803031 0.3215291084336912 0.007948867694751626 0.013924254835131334