2 0.34464303539153596 0.25339934299653755 0.04538109905006031 0.10635528958063718
2 0.5493670776804769 0.5472247689758405 0.04349105042954129 0.09569105858252391
2 0.5132392271600785 0.3487642162373087 0.057383132066746965 0.14153122235690363
2 0.17270275836774301 0.36620503701515084 0.013400758706427273 0.030050690090169346
2 0.22320736940359093 0.4551046804246862 0.02006019448207601 0.04376024566156981
2 0.2786241304848674 0.6882528677176379 0.009948210085908293 0.019248543883416482
2 0.27578573552782154 0.6787665109845693 0.006659435775648781 0.013709555571400463
2 0.26471876074259215 0.6316105577365052 0.006659435775648781 0.013709555571400463
2 0.2619213093631112 0.6208084115297523 0.008303822930778536 0.016479049727408473
2 0.2583835515611951 0.6086215182449954 0.008221935775648781 0.013847470780040052
2 0.25410548733684385 0.5950498778822346 0.008385710085908294 0.019110628674776895
2 0.2456312460432711 0.5652750182093446 0.013073210085908293 0.019524374300695663
2 0.23793825474969837 0.5355691161407742 0.02474769448207601 0.044173991287488425
2 0.24361504466379014 0.5545418296069115 0.008140048620519025 0.011215891832671632
2 0.30959084746818066 0.7252906558105389 0.008385710085908294 0.019110628674776895
2 0.5775562754419132 0.7238741564879074 0.016607645861557073 0.032958099454816946
2 0.5754504635924113 0.9677779123497248 0.008303822930778536 0.016479049727408473
2 0.562084004411014 0.944168254419337 0.008221935775648604 0.013847470780040052
2 0.5545990530315331 0.9329523625866654 0.008221935775648781 0.013847470780040052
2 0.5583824722988384 0.937244519029317 0.008140048620519025 0.011215891832671632
1 0.5441938195398766 0.9148816929682937 0.026392081637205855 0.04694348544349659