2 0.3890625 0.575 0.075 0.06315789473684211
2 0.0546875 0.1394736842105263 0.0390625 0.02894736842105263
2 0.11015625 0.14210526315789473 0.03125 0.03289473684210526
2 0.1875 0.11447368421052631 0.04140625 0.035526315789473684
2 0.31328125 0.31842105263157894 0.053125 0.05394736842105263
2 0.33984375 0.015789473684210527 0.01484375 0.017105263157894738
2 0.39921875 0.08157894736842106 0.02109375 0.025
2 0.4484375 0.09210526315789473 0.021875 0.030263157894736843
2 0.459375 0.09736842105263158 0.00390625 0.014473684210526316
2 0.4671875 0.09868421052631579 0.009375 0.018421052631578946
2 0.54375 0.13289473684210526 0.009375 0.014473684210526316
2 0.53671875 0.12894736842105264 0.00625 0.009210526315789473
2 0.50859375 0.11973684210526316 0.00625 0.007894736842105263
2 0.50234375 0.11710526315789474 0.00703125 0.010526315789473684
2 0.49375 0.1118421052631579 0.0078125 0.010526315789473684
2 0.4859375 0.10657894736842105 0.00859375 0.011842105263157895
2 0.5625 0.1736842105263158 0.01171875 0.014473684210526316
2 0.50859375 0.6 0.05 0.05131578947368421
2 0.615625 0.618421052631579 0.01484375 0.021052631578947368
2 0.75625 0.5723684210526315 0.00703125 0.013157894736842105
2 0.73984375 0.5526315789473685 0.00625 0.010526315789473684
2 0.73515625 0.5473684210526316 0.00546875 0.010526315789473684
2 0.73125 0.5421052631578948 0.00546875 0.010526315789473684
1 0.71796875 0.5289473684210526 0.0203125 0.03289473684210526