1 0.2154751723962208 0.6219950786766208 0.024774506920082207 0.05549280907148506
2 0.22612617091334605 0.6339443544889278 0.01151050296574958 0.023791381075465037
2 0.21991993327063572 0.5351759385311377 0.014826503954332715 0.03171673807447004
2 0.2108141887078432 0.4916553703896345 0.016452670950527094 0.03436362710028819
2 0.20151744315646747 0.4560295390902366 0.01776050296574949 0.02385262138926452
2 0.2012455291260226 0.43496925247206436 0.014571835969555202 0.021190422284996357
2 0.20523003357464686 0.39947355683949043 0.016707338935304607 0.044889942889762016
2 0.415436727225406 0.8516399329401487 0.022893671939110405 0.04231960425619323
2 0.4338392173395742 0.9307863323810499 0.017887836958138337 0.029115779284001362
2 0.4385293759328116 0.9943481896508026 0.009693334980972069 0.011303620698394847
2 0.5287776215213684 0.36579298277623323 0.06332235376405215 0.16373967771793765
2 0.5216760928524563 0.594725041118836 0.05117518083635879 0.11363250716878841
2 0.3959704387078432 0.4934696146859457 0.047795512851581276 0.10307557122241513
2 0.38733953802327115 0.36572321015020315 0.05299234882113648 0.12417413303671196
2 0.3809396407987403 0.21036053674554203 0.05599001482874764 0.11894159529887494
2 0.22556639129303185 0.20488981551872607 0.015335839923887828 0.052769369653417414
2 0.24273132806088976 0.044493635396076404 0.017598676882026078 0.08173204815291987