2 0.8017766443192181 0.33525498516979135 0.007867042154477843 0.016248957493312476
2 0.7792658400644921 0.3760277452812904 0.007857951795398143 0.013617378545943906
2 0.7823590238077134 0.36700101248914174 0.006286361436318444 0.010893902836755244
2 0.7870237979100143 0.3606977554061818 0.007857951795397966 0.013617378545944055
1 0.7676061773985096 0.3924437827255323 0.026717036104353477 0.04629908705620964
2 0.6439550539601385 0.3233418332785637 0.01884999394987581 0.03005012956289731
2 0.5300970870394299 0.3758438959814648 0.05961134933607006 0.07191312958075376
2 0.40221298155503976 0.4380452036174561 0.08625566256778665 0.09715958505801603
2 0.3454731439264347 0.7451713392195753 0.06590680113146812 0.08543861136487743
2 0.09794922501393626 0.9914954129705749 0.05163522287263693 0.01700917405885021
2 0.1580691135776178 0.9829448775602395 0.03764544574527386 0.03411024487952097
2 0.24400661357761777 0.9853341933675697 0.047020445745273955 0.029331613264860692
2 0.47982593890958275 0.9727653544604817 0.02510908430895533 0.03304929555754729
2 0.5305117401392467 0.9481204202722758 0.026698855386194254 0.04103592916147279
2 0.5421895835233885 0.9369675407227709 0.007876132513557366 0.01888053644068075
2 0.5507742431643089 0.9348413939654147 0.011019313231716588 0.02432748785905867
2 0.6286765293668581 0.8749625478459079 0.011001132513557365 0.019064329964321825
2 0.6224447100850174 0.8798581186933632 0.006286361436318444 0.010893902836755244
2 0.5928299329576545 0.8991647117977232 0.006286361436318444 0.010893902836755244
2 0.5858214088553535 0.9053301237379523 0.009429542154477666 0.016340854255132865
2 0.5772503847530526 0.9114036389163612 0.010982951795398144 0.013801172069584984
2 0.5686839058302914 0.9187929435684545 0.010992042154477666 0.016432751016953406
2 0.6620566559284873 0.8150962229618881 0.010982951795397966 0.013801172069584984