2 0.7712861150955778 0.47312598493124836 0.02458350593149916 0.04920693744267429
2 0.6236563814072001 0.33103503826057007 0.05098417984777566 0.10906275843415845
2 0.47443763140720013 0.31932981724396475 0.05962435079830275 0.1438861235466288
2 0.42647102220594035 0.5225381512306408 0.044543178859192525 0.10067775055470843
2 0.3892336659704302 0.7028589651266863 0.016325336958138335 0.030173046014414538
2 0.37996480083767137 0.9565611980290666 0.011319501977166357 0.01664744799956386
2 0.39616280380342095 0.9341026650961127 0.008130834980971979 0.01377073353352276
2 0.4010413047920041 0.9265756315320158 0.008067167984777513 0.011139154586154639
2 0.40507488878439285 0.9216188930356195 0.00813083498097189 0.01377073353352306
1 0.4156768077577536 0.9039945308397256 0.027644838935304606 0.0468204940139781
2 0.6756168349437909 0.7068678124536285 0.011446835969555025 0.021910605894300703
2 0.7014299184418882 0.7075743910089912 0.009820668973360824 0.019156459187596092
2 0.705622669924763 0.6960387051441737 0.008067167984777513 0.011139154586154339
2 0.7513118547154545 0.5546111925409876 0.024456171939110406 0.04394377954793745
2 0.7453656022439965 0.573919047488574 0.009629667984777513 0.011261722345490829
2 0.7427353507611217 0.5855773011127277 0.014571835969555025 0.022155741412973086
2 0.7192050088600676 0.6522824051136 0.00813083498097189 0.01377073353352306
2 0.7241790103429423 0.6408080031284508 0.011319501977166269 0.01664744799956386
2 0.7283717618258171 0.6292723172636333 0.008130834980972067 0.01377073353352306
2 0.7334094303048863 0.6151663363311155 0.009820668973360824 0.019156459187596092