2 0.69375 0.6752187274633268 0.0578125 0.061092788692119364
2 0.60625 0.41909820517539653 0.075 0.06915593639717336
2 0.37578125 0.38789260018298627 0.015625 0.02120573236344608
2 0.48359375 0.400791100859186 0.05 0.050489922510396176
2 0.9515625 0.843534364091768 0.0359375 0.03456265812013666
2 0.89609375 0.8416750668331129 0.03125 0.03451672788478719
2 0.81953125 0.8738196098311738 0.0421875 0.034623898433936144
2 0.66640625 0.9828455379325591 0.015625 0.01594257446870924
2 0.60390625 0.9190752400577217 0.021875 0.021266972677245862
2 0.55546875 0.91070589078367 0.021875 0.03179328846671955
2 0.54453125 0.9040197728660998 0.003125 0.013188514893741848
2 0.5359375 0.9039355674346254 0.009375 0.021144492049646597
2 0.465625 0.8756150349570122 0.00625 0.01058755610327317
2 0.45859375 0.8729145606566194 0.009375 0.015881334154909752
2 0.5171875 0.8958571096511216 0.0078125 0.01060286618172319
2 0.509375 0.8931489803115038 0.00625 0.01058755610327317
2 0.50078125 0.8878016169852926 0.0078125 0.01060286618172319
2 0.49375 0.8851011426848997 0.00625 0.01058755610327317
2 0.434375 0.8318877807564358 0.009375 0.010618176260172911
2 0.234375 0.44177019597800865 0.0078125 0.015866024076460032
2 0.2515625 0.4590438699988521 0.00625 0.01058755610327317
2 0.25703125 0.46436061316816357 0.0046875 0.010572246024823298
2 0.26015625 0.4696543912198001 0.00625 0.01058755610327317
1 0.27265625 0.4816189771105572 0.0203125 0.031777978388269526