1 0.6004164940685011 0.08865144174288964 0.13354201186299797 0.10374404661950126
2 0.6000079757797122 0.234918530572176 0.05946784190105418 0.0723885117628505
2 0.644811139810157 0.25908079228103886 0.07716467787060921 0.09462065821866235
2 0.604836102738288 0.5528816227314267 0.08829317885919252 0.10326599543695411
2 0.47805342684484503 0.6179875432441825 0.0612850098858317 0.08302205617749372
2 0.4552645256659815 0.49253406040256986 0.04840300790866543 0.06637475349192708
2 0.5354706319014917 0.31483991188118543 0.06122134288963732 0.08039047723012523
2 0.5188879683653385 0.28866039700432095 0.05790534190105419 0.07228128313768101
2 0.46725382558943185 0.09401069281400834 0.025700336958138337 0.03066302642376467
2 0.46779499505708416 0.07164227176137676 0.013073002965749581 0.024542039527671807
2 0.4877400805323477 0.05587736641810079 0.027517504942915848 0.041296570838407834
2 0.5381857495057084 0.040887629791945886 0.026753500988583135 0.009717623469986798
2 0.3673414199247628 0.6657446973770542 0.019450336958138338 0.030234111923086678
2 0.36038576578014975 0.5651013256260372 0.03239600593149907 0.04951299355602161
2 0.30691059730108056 0.5759292365808004 0.021012836958138336 0.030341340548256157
2 0.23864075836577592 0.6160552478037751 0.011383168973360735 0.01917165300776545
2 0.23457534087528992 0.6223661236092723 0.008067167984777513 0.011062458915321228
2 0.232072423384804 0.6287842280399392 0.006441000988583134 0.008323651342783178
2 0.2271939223962208 0.6363572790065359 0.008130834980971979 0.01369403786268965
2 0.22767408346091617 0.6812013497369687 0.008130834980971979 0.013694037862689799
2 0.22289108296662458 0.6848270322825126 0.004942167984777512 0.010848001664982121
2 0.22969949847994417 0.6945200874115648 0.00813083498097189 0.013694037862689799
2 0.2225727479856526 0.6979849270193548 0.008130834980971979 0.0136940378626895