2 0.24355848597804747 0.8287762672565431 0.007068871551297562 0.026499526999244356
2 0.2751117011523384 0.7140203171536086 0.020142081637205766 0.0452880546819439
2 0.27619284430036195 0.6233456794228731 0.021704581637205768 0.04533398906333386
2 0.27821236770611024 0.5879112323961796 0.013073210085908293 0.01878852768269939
2 0.2786627470593239 0.6023849166067059 0.009620661465389268 0.008170343130445483
2 0.2825346975342938 0.5512298974678869 0.008303822930778536 0.016019145591160786
2 0.28587105947465286 0.5079466479804781 0.006577548620519025 0.010710053315033831
2 0.2847589388278665 0.5223743978096143 0.00978443577564878 0.013433501025182475
2 0.2828655681810801 0.5367791804480555 0.006577548620519025 0.010710053315033831
2 0.35277859848423343 0.45075723444585064 0.024338258706427317 0.029636384141903255
2 0.2923357434412793 0.43977823444654435 0.006577548620519025 0.010710053315033831
2 0.2905242599496227 0.45681459603235397 0.006577548620519025 0.010710053315033831
2 0.5988391282215598 0.7077622276078327 0.05285940637700648 0.14352922898098625
2 0.5987871393028363 0.4803373533767194 0.03732293758467122 0.09574739849584411
2 0.59729215909054 0.28179094599457377 0.016525758706427317 0.02940671223495315
2 0.5235337545225558 0.21915164866115797 0.018415807326946164 0.0399789624058168
2 0.5470797178878244 0.022655980854937252 0.00978443577564878 0.013433501025182381
2 0.5371658073269463 0.055229177027312185 0.006577548620519025 0.010710053315033868
2 0.5342864687923355 0.06303204510663736 0.006495661465389269 0.008078474367665447
2 0.5313661866801599 0.06951912371227832 0.006495661465389269 0.008078474367665447
1 0.5243316146538926 0.09428945180532809 0.0263101944820761 0.04284021326013547