2 0.75625 0.5710526315789474 0.00703125 0.013157894736842105
2 0.7390625 0.5526315789473685 0.00625 0.009210526315789473
2 0.734375 0.5473684210526316 0.0046875 0.009210526315789473
2 0.73125 0.5421052631578948 0.00625 0.010526315789473684
1 0.71875 0.5276315789473685 0.02109375 0.038157894736842106
2 0.615625 0.618421052631579 0.01484375 0.02236842105263158
2 0.50859375 0.6 0.04921875 0.05131578947368421
2 0.3875 0.575 0.071875 0.06184210526315789
2 0.0546875 0.14078947368421052 0.03203125 0.030263157894736843
2 0.11015625 0.14342105263157895 0.03125 0.031578947368421054
2 0.18671875 0.11710526315789474 0.040625 0.034210526315789476
2 0.3078125 0.3171052631578947 0.05390625 0.05921052631578947
2 0.33984375 0.015789473684210527 0.01328125 0.017105263157894738
2 0.4 0.08289473684210526 0.02265625 0.02368421052631579
2 0.56484375 0.1763157894736842 0.01015625 0.013157894736842105
2 0.54375 0.13289473684210526 0.00859375 0.014473684210526316
2 0.5375 0.13157894736842105 0.0046875 0.009210526315789473
2 0.44921875 0.09342105263157895 0.0203125 0.030263157894736843
2 0.459375 0.09868421052631579 0.0046875 0.013157894736842105
2 0.46796875 0.1 0.00859375 0.019736842105263157
2 0.50859375 0.11973684210526316 0.00546875 0.009210526315789473
2 0.5015625 0.11710526315789474 0.00703125 0.013157894736842105
2 0.49375 0.11315789473684211 0.0078125 0.010526315789473684
2 0.4859375 0.10921052631578948 0.00703125 0.010526315789473684