2 0.5567663315907294 0.6538443438191057 0.060320557370694416 0.06900283561267435
2 0.4200293977951392 0.6538681862097862 0.08713763050895836 0.08768415957790156
2 0.30540058729031266 0.3878499386218331 0.06667966014423624 0.07695881276857924
2 0.018244119775382067 0.2459071858336735 0.03037848423243058 0.05029089149054777
2 0.0705515021842015 0.242762719258234 0.03811824905006946 0.045104283988060365
2 0.1542718855429515 0.19456755396930875 0.05072735182361114 0.05312150145776467
2 0.3123915504368403 0.04562984987556423 0.020639808320625085 0.023883241546164263
2 0.3858660712384029 0.10412845754343417 0.026998911094166723 0.031839218702069086
2 0.4405535712384029 0.10359260479768828 0.027108013867708357 0.03973395554417431
2 0.4624831226251736 0.10732563212044256 0.011264808320624908 0.02379138107546496
2 0.4539075564207639 0.10872562702560112 0.006468205547083272 0.01585071399801005
2 0.5103030267854862 0.11870077999087904 0.0063954703647222996 0.010587556103273206
2 0.5024905267854862 0.11877733038312845 0.009593205547083272 0.01588133415490983
2 0.4930609753987153 0.1149218224327751 0.007994337955902786 0.013234445129091535
2 0.48366779160312506 0.1136978934297902 0.011192073138263935 0.01852822318072812
2 0.5424251957634375 0.12496587075107751 0.0063954703647222996 0.010587556103273244
2 0.5510371295590278 0.12619745479328734 0.011192073138263935 0.01852822318072812
2 0.5789627610179167 0.16803479157830917 0.012754573138263937 0.018543533259177993
2 0.676987912612778 0.6460865204100437 0.01755117591180557 0.026484200336632943
1 0.7823280696228823 0.5226693589835951 0.028779616641250172 0.04764400246472956
2 0.7973354737831947 0.5343660185014791 0.0063954703647222996 0.01058755610327317
2 0.8013144589655559 0.5395909012000913 0.0048329703647223 0.010572246024823298
2 0.807637194147917 0.5447928187810286 0.006395470364721945 0.01058755610327317
2 0.8273866496950003 0.5603909164846156 0.009593205547083272 0.015881334154909752