1 0.3662435841603998 0.019260369928652387 0.09811216832079958 0.038520739857304774
2 0.27763065611969057 0.37239535488628034 0.011446922249741042 0.01863540098495677
2 0.2751584735308673 0.3395312392375147 0.023039393713693724 0.042533959864650375
2 0.2751734361034799 0.25527478113171576 0.019914393713693725 0.04247271747797111
2 0.2936323376750565 0.2443810110221657 0.021840766749222952 0.055661233408152926
2 0.42671451137253946 0.16673227779828195 0.05178513192686936 0.12200188857247797
2 0.4001905527288684 0.22517819612050174 0.03848461124870504 0.09280955060470777
2 0.4826049464425621 0.2656911572247323 0.05163958271265763 0.11673873067774108
2 0.42701207195929075 0.3470872992730379 0.04153683664159917 0.09023921404401877
2 0.40869871960192594 0.36324422727732475 0.04146406203449331 0.08760763509665034
2 0.5738678012811264 0.3152462280813839 0.06003427956950454 0.13794446822338702
2 0.571023245242489 0.5233093814868575 0.041609611248705033 0.09287079299138704
2 0.5060917580627706 0.6062050401688854 0.03299659057054072 0.06377031860363601
2 0.5666696931327933 0.7050720560153169 0.016425520678164496 0.029253580354449433
2 0.5019736463997809 0.7682155619954119 0.01962329528527036 0.03194640168849757
2 0.5042853172017798 0.8800729778552394 0.008321922249740866 0.018574158598277647
2 0.5068473910230974 0.8879217829073351 0.00817637303552914 0.013311000703540805
2 0.510117940237309 0.8931236984153926 0.00646832382131759 0.008017221615464103
2 0.5119715386657325 0.9036193930115267 0.008176373035529316 0.013311000703540805
2 0.5365541617012618 0.9163026592516034 0.006541098428423453 0.010648800562832524
2 0.5367360982190265 0.9228816066200244 0.00646832382131759 0.008017221615464103
2 0.5435854117012618 0.9161648638815749 0.008176373035529316 0.013311000703540805
2 0.543949284736791 0.9293227586184171 0.00817637303552914 0.013311000703540805