1 0.10703125 0.4421052631578947 0.0171875 0.025
2 0.2140625 0.4473684210526316 0.0265625 0.06447368421052632
2 0.21171875 0.5407894736842105 0.028125 0.05394736842105263
2 0.334375 0.15 0.03046875 0.035526315789473684
1 0.4328125 0.07105263157894737 0.08125 0.09868421052631579
2 0.5421875 0.49736842105263157 0.06796875 0.04868421052631579
2 0.76015625 0.3671052631578947 0.03359375 0.042105263157894736
2 0.67421875 0.34210526315789475 0.05 0.05
2 0.7921875 0.42105263157894735 0.01953125 0.03289473684210526
2 0.79296875 0.37894736842105264 0.0265625 0.034210526315789476
2 0.94140625 0.45789473684210524 0.01328125 0.014473684210526316
2 0.83828125 0.3460526315789474 0.02890625 0.02763157894736842
2 0.86640625 0.3105263157894737 0.01484375 0.021052631578947368
2 0.8796875 0.31842105263157894 0.0125 0.021052631578947368
2 0.8921875 0.33026315789473687 0.0140625 0.02236842105263158