2 0.1889498230807928 0.7372227467326227 0.009948002965749492 0.024143637287976628
2 0.2327754189361797 0.635193611868621 0.01814250494291585 0.04031596660690447
2 0.36535581418354424 0.7995462698400153 0.038229511862998146 0.0964979780249627
2 0.5279141639932637 0.660157067523361 0.04374468281352506 0.13093821772158273
2 0.5524432731945236 0.4526209810681467 0.03335101087441501 0.08837352780202716
2 0.5708987959319366 0.27035289355723446 0.013136669961943959 0.026928358489231946
2 0.2496392667687329 0.5187149980419192 0.009757001977166358 0.016248900445871364
2 0.24337467931630302 0.5518777338283266 0.01964133794672147 0.03776095878647942
2 0.24853968178776098 0.5319111783422331 0.009502333992388756 0.005722584656397681
2 0.2753833660841609 0.3899731377538706 0.00969333498097189 0.013617321498502944
2 0.27275311460128615 0.40193009970744376 0.006504667984777513 0.010832600297247478
2 0.2645758586697871 0.4496430908313209 0.004942167984777601 0.010756029170304104
2 0.26194560718691234 0.4616000527848939 0.006504667984777513 0.010832600297247478
2 0.25850227220594035 0.474911089775623 0.006568334980971979 0.013464179244615898
2 0.255776520228774 0.49081542015024876 0.006632001977166358 0.01609575819198432
2 0.30293270452517396 0.3478819549116212 0.006632001977166358 0.01609575819198432
2 0.5540680760837233 0.030673701213704187 0.008067167984777513 0.010909171424191
2 0.5416808226236822 0.058879563613148576 0.006504667984777513 0.010832600297247552
2 0.5375517381370019 0.0682815177462967 0.004814833992388756 0.005492871275567224
2 0.5351443211408075 0.07102795338408033 0.006441000988583312 0.008201021349879113
1 0.5260094016731551 0.09381751563490094 0.01964133794672147 0.03776095878647942