2 0.828420235880742 0.8916835661599946 0.046039925705962756 0.0447702692506859
2 0.9064004833734597 0.8593903506069458 0.03661946159934004 0.04158730973239543
2 0.9641902513201484 0.8641063202679844 0.044522889812585474 0.04730995143623407
2 0.673158422869476 0.9983459419515103 0.015943248746358663 0.003308116096979431
2 0.609383079375109 0.9407060731492082 0.02393760517284953 0.030325819848358332
2 0.4584941807870348 0.8475356125559307 0.014471676959604097 0.02451128138269915
2 0.45845707686782655 0.8949499819894726 0.009647784639735946 0.016340854255132865
2 0.4670053627612039 0.898086993126853 0.00643185642649069 0.010893902836755244
2 0.49499397044133586 0.9076358716817253 0.00643185642649069 0.010893902836755244
2 0.5020024883880245 0.9093651965836013 0.008039820533113407 0.013617378545943906
2 0.5105280422280905 0.913817997194666 0.00643185642649069 0.010893902836755244
2 0.5206160960681564 0.9183626945675512 0.009602320533113407 0.013709275307764444
2 0.5384711858015997 0.9259984546969068 0.01130121285298138 0.021695908911690247
2 0.547087667854911 0.9251880974132348 0.004960284639736123 0.016065163969671847
2 0.5579342396416658 0.9310945326407142 0.024073997492717502 0.03822055669046389
2 0.5771341836900288 0.6345531824444661 0.05421613855894449 0.06628238463873536
2 0.6089190442731546 0.4243652188940753 0.07939799498543501 0.07827904861733528
2 0.48253840069964526 0.4063952653971501 0.05260817445232178 0.06355890892954655
2 0.3724503468595793 0.39596917526776004 0.017642141066226812 0.0273266538537085
2 0.22754101214070094 0.45461993633817904 0.008039820533113407 0.013617378545944055
2 0.24445572750096484 0.47142027440241385 0.00643185642649069 0.010893902836755244
2 0.25443012107447405 0.4825439191437201 0.00643185642649069 0.010893902836755244
2 0.24983354928771945 0.47700507096352207 0.006386392319868062 0.008262323889386823
1 0.26750678259467203 0.49516714688235125 0.024073997492717502 0.038220556690463744