1 0.58046875 0.17105263157894737 0.0171875 0.021052631578947368
2 0.4671875 0.1 0.009375 0.018421052631578946
2 0.4484375 0.09210526315789473 0.021875 0.030263157894736843
2 0.4 0.08289473684210526 0.021875 0.02631578947368421
2 0.11015625 0.14210526315789473 0.034375 0.031578947368421054
2 0.1875 0.11578947368421053 0.040625 0.034210526315789476
2 0.31171875 0.3144736842105263 0.0640625 0.06184210526315789
2 0.3625 0.28289473684210525 0.04921875 0.046052631578947366
2 0.4296875 0.34078947368421053 0.04921875 0.05
2 0.44140625 0.3144736842105263 0.046875 0.04868421052631579
2 0.3875 0.5763157894736842 0.07265625 0.06578947368421052
2 0.509375 0.6 0.04921875 0.04868421052631579
2 0.57890625 0.5105263157894737 0.02890625 0.04078947368421053
2 0.6125 0.525 0.02421875 0.034210526315789476
2 0.66171875 0.5171052631578947 0.01640625 0.02236842105263158
2 0.615625 0.6171052631578947 0.015625 0.019736842105263157
2 0.72734375 0.5368421052631579 0.0078125 0.013157894736842105
2 0.73203125 0.5421052631578948 0.00625 0.010526315789473684
2 0.73515625 0.5473684210526316 0.0046875 0.009210526315789473
2 0.73984375 0.5526315789473685 0.00625 0.009210526315789473
2 0.74375 0.5947368421052631 0.00546875 0.010526315789473684
2 0.7484375 0.5960526315789474 0.00390625 0.007894736842105263
2 0.74609375 0.6078947368421053 0.0046875 0.009210526315789473
2 0.75078125 0.6092105263157894 0.0046875 0.007894736842105263