2 0.03965039080317671 0.8494038085697986 0.03448408430895542 0.032252613621894376
2 0.09745834562363691 0.8492210032496832 0.03449317466803503 0.0348841925692628
2 0.1772503847530525 0.8810458420047446 0.04387726502711464 0.03769949867666918
2 0.33465888465485666 0.9926506330195198 0.014117042154477667 0.01469873396096031
2 0.3969316256778662 0.9287691723005509 0.0235284035907962 0.02677510737377971
2 0.3007691771039219 0.680848647927882 0.05645907825883123 0.061628678749702646
2 0.38733741529826116 0.41282659264964194 0.07679884933607006 0.06992149110522398
2 0.5146084424256242 0.3942695883278798 0.05175339754067192 0.05627365727494683
2 0.6254959454506863 0.3819700088444719 0.015706813231716587 0.02399042245971274
2 0.4679617431643089 0.9117413839659282 0.009438632513557366 0.01860477979161691
2 0.4484577642415477 0.9192533558912873 0.02198408430895533 0.03200764407517669
2 0.46015378834384874 0.9129040674729139 0.0031795421544778433 0.015850716070889947
2 0.5467543636758136 0.8803930173874774 0.007867042154477843 0.015942579650909224
2 0.5397412943939729 0.8855183799121858 0.006286361436318444 0.010648800562832524
2 0.5108623154712117 0.8928466246775066 0.006277271077238922 0.008017221615464103
2 0.5038447010098311 0.8966561977285306 0.006286361436318444 0.010648800562832524
2 0.49526458654845057 0.9004351495862148 0.007848861436318444 0.010679421756172383
2 0.4859077672666098 0.9055145803209136 0.009411361436318443 0.010710042949511944
2 0.5747339179305397 0.8388389357096974 0.009411361436318443 0.010710042949511944
2 0.7709902526322786 0.4374493587724321 0.007857951795397966 0.013311000703540505
2 0.7538709303253758 0.4568493677509586 0.006286361436318444 0.010648800562832524
2 0.748420361043535 0.4620053514690065 0.0031522710772389217 0.007955979228784682
2 0.7453089965821544 0.4658914775033797 0.004723861436318444 0.010618179369492815
1 0.7320731983775526 0.4787890920968344 0.02198408430895533 0.03200764407517669