1 0.5346388686299809 0.962970186014794 0.11660917984777566 0.07405962797041189
2 0.5971534560824108 0.9994034674874929 0.03220500494291585 0.0011930650250142685
2 0.6346707021280782 0.9821887368890708 0.03870967292769336 0.035622526221858436
2 0.5629310119001791 0.797895491661045 0.05634284190105419 0.0721740545125116
2 0.5119561023183585 0.8508822800862877 0.05771434091247105 0.06438654629557553
2 0.47543101190017917 0.7918906886515529 0.06584517589344294 0.07808058415826533
2 0.43188264726171194 0.5393172016474849 0.08465884288963732 0.08199890660766779
2 0.33120350942872123 0.7622888130306955 0.05940417490485981 0.06975693281548215
1 0.36983226931455293 0.8437560541432315 0.17206068380210837 0.148422796781464
2 0.2452195884781941 0.7222343266431682 0.05140067391627658 0.061326052847529185
2 0.08954790863041846 0.6064627634818203 0.025891337946721472 0.038557763265869856
2 0.049799659124710044 0.6076758019610505 0.017760502965749526 0.024863725403180357
2 0.03694949064564089 0.5923442887491682 0.017887836958138316 0.030126883297917198
1 0.9048373276037791 0.6808035441392942 0.03233233893530461 0.046881414608653034
1 0.9233644931170988 0.6728797613255388 0.024265170950527094 0.035818955693331954