2 0.1984375 0.42105263157894735 0.02109375 0.031578947368421054
2 0.1734375 0.47368421052631576 0.01875 0.02631578947368421
2 0.14609375 0.5026315789473684 0.0171875 0.02368421052631579
1 0.11953125 0.4881578947368421 0.02734375 0.034210526315789476
1 0.10078125 0.5131578947368421 0.01953125 0.02368421052631579
2 0.13359375 0.5092105263157894 0.00859375 0.018421052631578946
2 0.54296875 0.49605263157894736 0.06875 0.05
2 0.36640625 0.1118421052631579 0.02734375 0.02894736842105263
2 0.33515625 0.15 0.03203125 0.035526315789473684
2 0.41640625 0.02368421052631579 0.0234375 0.019736842105263157
2 0.8921875 0.32763157894736844 0.0125 0.025
1 0.8609375 0.3118421052631579 0.05234375 0.075
2 0.9109375 0.35 0.0125 0.019736842105263157
2 0.95859375 0.42894736842105263 0.00625 0.011842105263157895
2 0.95625 0.4144736842105263 0.00625 0.010526315789473684
2 0.946875 0.42105263157894735 0.00703125 0.010526315789473684