2 0.49609375 0.010526315789473684 0.02578125 0.019736842105263157
2 0.4171875 0.02368421052631579 0.01875 0.017105263157894738
2 0.36640625 0.11315789473684211 0.02578125 0.034210526315789476
2 0.33515625 0.15 0.03125 0.03684210526315789
2 0.5171875 0.2789473684210526 0.06171875 0.05131578947368421
2 0.69921875 0.4881578947368421 0.05 0.04868421052631579
2 0.64921875 0.40657894736842104 0.0546875 0.04736842105263158
2 0.5421875 0.49473684210526314 0.0671875 0.04868421052631579
2 0.2046875 0.41710526315789476 0.02578125 0.03289473684210526
2 0.16640625 0.4355263157894737 0.015625 0.02368421052631579
2 0.12734375 0.4723684210526316 0.01015625 0.019736842105263157
2 0.11875 0.4776315789473684 0.01015625 0.017105263157894738
1 0.11796875 0.506578947368421 0.02890625 0.034210526315789476
2 0.86875 0.3118421052631579 0.0140625 0.018421052631578946
2 0.88046875 0.31973684210526315 0.0109375 0.018421052631578946
2 0.88984375 0.325 0.0109375 0.018421052631578946
2 0.93828125 0.37894736842105264 0.00546875 0.010526315789473684
2 0.94375 0.3815789473684211 0.00546875 0.009210526315789473
2 0.94765625 0.39473684210526316 0.00703125 0.013157894736842105