2 0.05546875 0.13815789473684212 0.0375 0.03289473684210526
2 0.109375 0.14342105263157895 0.03046875 0.034210526315789476
2 0.1875 0.11710526315789474 0.040625 0.034210526315789476
2 0.30390625 0.3157894736842105 0.053125 0.05526315789473684
2 0.34140625 0.014473684210526316 0.0140625 0.015789473684210527
2 0.39921875 0.08157894736842106 0.0203125 0.025
2 0.44921875 0.09210526315789473 0.02109375 0.030263157894736843
2 0.46796875 0.09868421052631579 0.00859375 0.018421052631578946
2 0.459375 0.09868421052631579 0.0046875 0.013157894736842105
2 0.48515625 0.10789473684210527 0.00859375 0.011842105263157895
2 0.49375 0.1118421052631579 0.00703125 0.010526315789473684
2 0.50234375 0.11710526315789474 0.0078125 0.011842105263157895
2 0.50859375 0.11973684210526316 0.00546875 0.007894736842105263
2 0.54375 0.13421052631578947 0.00859375 0.013157894736842105
2 0.5375 0.13157894736842105 0.00390625 0.007894736842105263
2 0.5765625 0.17894736842105263 0.0078125 0.009210526315789473
2 0.38828125 0.5736842105263158 0.07265625 0.060526315789473685
2 0.509375 0.6 0.05078125 0.05131578947368421
2 0.615625 0.618421052631579 0.01640625 0.02236842105263158
1 0.71953125 0.5276315789473685 0.02265625 0.034210526315789476
2 0.73984375 0.5526315789473685 0.00546875 0.009210526315789473
2 0.73515625 0.5486842105263158 0.0046875 0.007894736842105263
2 0.73125 0.5421052631578948 0.00625 0.010526315789473684
2 0.75625 0.5723684210526315 0.00625 0.011842105263157895