2 0.8827680409921161 0.4304882187388748 0.014307961850553141 0.024097619958826193
2 0.701097075488115 0.25035919276273155 0.036455697240056394 0.051056490771971066
2 0.6465789452114615 0.08490756733487845 0.033248876623205345 0.043069885167085695
2 0.58788578368522 0.02086360014348968 0.0159795560063543 0.03466987012968993
2 0.6117636144483407 0.05304635407404923 0.0269170560063543 0.03499141079942027
2 0.2976038827122854 0.29773657895083716 0.05051819724005639 0.05146990020448147
2 0.2884549793037187 0.42691361927884 0.055260244317957154 0.0568708612433885
2 0.28377143344363404 0.5020284552323151 0.05213524431795715 0.05677899248060842
2 0.4464487114468113 0.4801460164098556 0.07250229139585791 0.06263929733341582
2 0.21472715300482487 0.38172708134223565 0.03640115016215582 0.04579333287723422
2 0.11968738839432827 0.35821328913334427 0.02217500892845372 0.029590449760513293
2 0.0994430722417041 0.3522314887229938 0.017432961850553052 0.024189488721606266
2 0.08762886485537791 0.3617865228992086 0.015870461850553054 0.024143554340216304
2 0.03224588961214424 0.430499489405755 0.006359094155801359 0.010710053315033831
2 0.026708955764768394 0.43723920710904124 0.0063863676947517045 0.013341632262402252
2 0.016266333605789822 0.46516935953544486 0.006359094155801359 0.010710053315033831
2 0.002534867492880797 0.4958459268626922 0.005069734985761594 0.010710053315033831