1 0.09609375 0.5223684210526316 0.01640625 0.02236842105263158
1 0.11015625 0.5078947368421053 0.02109375 0.03684210526315789
2 0.11640625 0.47368421052631576 0.0109375 0.015789473684210527
2 0.13125 0.4618421052631579 0.0109375 0.017105263157894738
2 0.09765625 0.5026315789473684 0.00390625 0.013157894736842105
2 0.41640625 0.02236842105263158 0.021875 0.021052631578947368
2 0.36640625 0.11447368421052631 0.02734375 0.030263157894736843
2 0.334375 0.15 0.0296875 0.034210526315789476
2 0.41171875 0.3013157894736842 0.046875 0.05131578947368421
2 0.4453125 0.25 0.04921875 0.04736842105263158
2 0.48984375 0.2802631578947368 0.053125 0.05394736842105263
2 0.54296875 0.49605263157894736 0.06875 0.05
2 0.6921875 0.35657894736842105 0.04765625 0.046052631578947366
2 0.62734375 0.24736842105263157 0.05234375 0.046052631578947366
2 0.89453125 0.4368421052631579 0.0140625 0.02368421052631579
2 0.85546875 0.35 0.01953125 0.02631578947368421
2 0.85859375 0.325 0.01640625 0.02368421052631579
2 0.87890625 0.31973684210526315 0.0140625 0.021052631578947368
2 0.86640625 0.3092105263157895 0.01171875 0.019736842105263157
2 0.89140625 0.32894736842105265 0.0140625 0.02236842105263158
1 0.8265625 0.2855263157894737 0.0671875 0.07894736842105263