1 0.7033853452816843 0.6269180731013281 0.029960220003181704 0.04005548688398051
2 0.6796393099538658 0.5589716489665144 0.014189769334818081 0.01869664337163619
2 0.7161671559516385 0.5858836298704 0.011028406667727354 0.013372243090219926
2 0.7200279526177751 0.5923860242554717 0.007903406667727353 0.013311000703540505
2 0.7277495459500478 0.6053908130256154 0.007903406667727176 0.013311000703540505
2 0.7231165899506842 0.5975879397635292 0.006322725334181811 0.010648800562832524
2 0.7234614879455934 0.6607305239037015 0.007903406667727353 0.013311000703540505
2 0.7282217132797753 0.6501123445342086 0.007903406667727353 0.013311000703540505
2 0.5963086419478205 0.6355945722135182 0.01736931333545435 0.02665262260042087
2 0.420328491963729 0.44170165660494226 0.06615225867281786 0.07760187959395143
2 0.3736347579567293 0.5294470870716211 0.07870680267345423 0.08574158598277437
2 0.4919574966184113 0.5889619816409621 0.05512385200509069 0.06422963650373151
2 0.3380256166454555 0.25649778518545807 0.07243862133990878 0.08298752226204711
2 0.036999465985046144 0.18477609655265112 0.030069308004454332 0.055844960568191035
2 0.057648320655636874 0.13569381051291926 0.04256930800445433 0.05608993011490864
2 0.14358636799809102 0.022459362792727932 0.03782726400381797 0.044918725585455864
2 0.22407329933163647 0.019077564608536945 0.045603401336727065 0.03815512921707389
2 0.29433125533100013 0.023628779758125846 0.040952264003817976 0.04725755951625169
2 0.3659880793284548 0.05334564595131486 0.0393352200031817 0.04023921404401873
2 0.5064312659930004 0.07690552802442638 0.011082950668363623 0.021266979932325247
2 0.48778126332750027 0.06279929813397643 0.025254538669636162 0.03733204435659303
2 0.441078985996182 0.03871793393416732 0.025218176002545434 0.0320688864618562