2 0.05390625 0.14078947368421052 0.034375 0.02894736842105263
2 0.11015625 0.14342105263157895 0.03125 0.03289473684210526
2 0.1875 0.11578947368421053 0.040625 0.03289473684210526
2 0.33984375 0.015789473684210527 0.0140625 0.017105263157894738
2 0.4 0.08289473684210526 0.02109375 0.025
2 0.4484375 0.09342105263157895 0.02109375 0.03289473684210526
2 0.46796875 0.1 0.00859375 0.019736842105263157
2 0.459375 0.09868421052631579 0.00390625 0.014473684210526316
2 0.54375 0.13421052631578947 0.0078125 0.011842105263157895
2 0.5375 0.13157894736842105 0.0046875 0.006578947368421052
2 0.50859375 0.11973684210526316 0.00546875 0.007894736842105263
2 0.50234375 0.11578947368421053 0.00703125 0.013157894736842105
2 0.49375 0.1118421052631579 0.0078125 0.010526315789473684
2 0.4859375 0.10789473684210527 0.00859375 0.011842105263157895
2 0.57578125 0.17894736842105263 0.009375 0.010526315789473684
2 0.303125 0.3157894736842105 0.053125 0.05526315789473684
2 0.3875 0.575 0.07265625 0.05921052631578947
2 0.50859375 0.6 0.0484375 0.05131578947368421
2 0.615625 0.618421052631579 0.01484375 0.02236842105263158
2 0.75625 0.5723684210526315 0.00703125 0.011842105263157895
2 0.73203125 0.5421052631578948 0.00625 0.009210526315789473
2 0.73515625 0.5473684210526316 0.0046875 0.009210526315789473
2 0.7390625 0.5526315789473685 0.00546875 0.007894736842105263
1 0.71875 0.5276315789473685 0.02109375 0.03289473684210526