2 0.0578125 0.1394736842105263 0.03515625 0.031578947368421054
2 0.109375 0.14473684210526316 0.03125 0.034210526315789476
2 0.1875 0.11710526315789474 0.04140625 0.034210526315789476
2 0.30546875 0.3171052631578947 0.05234375 0.05526315789473684
2 0.33828125 0.015789473684210527 0.01640625 0.017105263157894738
2 0.39921875 0.08289473684210526 0.021875 0.025
2 0.54375 0.13421052631578947 0.00859375 0.013157894736842105
2 0.53671875 0.13026315789473683 0.00703125 0.010526315789473684
2 0.509375 0.11973684210526316 0.00546875 0.007894736842105263
2 0.50234375 0.11710526315789474 0.00703125 0.011842105263157895
2 0.49375 0.11315789473684211 0.00703125 0.010526315789473684
2 0.4859375 0.10789473684210527 0.00703125 0.010526315789473684
2 0.4484375 0.09210526315789473 0.021875 0.031578947368421054
2 0.459375 0.09868421052631579 0.0046875 0.013157894736842105
2 0.46796875 0.1 0.009375 0.018421052631578946
2 0.3875 0.575 0.071875 0.06184210526315789
2 0.509375 0.6 0.0484375 0.05
2 0.61484375 0.6171052631578947 0.01484375 0.019736842105263157
2 0.75625 0.5723684210526315 0.00625 0.013157894736842105
2 0.73984375 0.5526315789473685 0.00625 0.009210526315789473
2 0.734375 0.5473684210526316 0.00390625 0.009210526315789473
2 0.73203125 0.5421052631578948 0.00546875 0.009210526315789473
1 0.71953125 0.5302631578947369 0.01953125 0.03289473684210526
2 0.56796875 0.1763157894736842 0.009375 0.013157894736842105