2 0.14609375 0.4842105263157895 0.01328125 0.030263157894736843
2 0.15234375 0.4421052631578947 0.0140625 0.018421052631578946
1 0.13203125 0.5302631578947369 0.02890625 0.07105263157894737
2 0.2125 0.3171052631578947 0.02578125 0.030263157894736843
2 0.365625 0.11447368421052631 0.028125 0.034210526315789476
2 0.334375 0.15 0.03046875 0.035526315789473684
2 0.44765625 0.34078947368421053 0.05859375 0.05131578947368421
2 0.5421875 0.49605263157894736 0.06796875 0.04736842105263158
2 0.546875 0.42105263157894735 0.0640625 0.05394736842105263
2 0.71015625 0.3631578947368421 0.040625 0.042105263157894736
2 0.69921875 0.4855263157894737 0.05078125 0.04342105263157895
2 0.86953125 0.3118421052631579 0.0140625 0.019736842105263157
2 0.8796875 0.31842105263157894 0.01015625 0.018421052631578946
2 0.88984375 0.325 0.009375 0.017105263157894738
2 0.93828125 0.37763157894736843 0.00625 0.010526315789473684
2 0.8953125 0.44473684210526315 0.01328125 0.02368421052631579
2 0.946875 0.3960526315789474 0.00703125 0.013157894736842105
2 0.94296875 0.3815789473684211 0.0046875 0.010526315789473684
2 0.94765625 0.3828947368421053 0.00546875 0.009210526315789473
2 0.9515625 0.39210526315789473 0.00546875 0.009210526315789473
2 0.95625 0.39473684210526316 0.00546875 0.013157894736842105