2 0.38784927673454234 0.8046302543515501 0.03815452800763595 0.09841537057705164
2 0.2045367900620426 0.7501946595988871 0.0033068133354544394 0.02662233351300014
2 0.24365328672022485 0.6410230652028751 0.01587953866963616 0.038374825459736354
2 0.27942606003340753 0.3873445367310866 0.009484088001272716 0.01670910580215772
2 0.27794537603436203 0.3993399140139024 0.006322725334181811 0.011139403868105097
2 0.25244648404677056 0.5558929067691385 0.01900453866963625 0.03868136949905213
2 0.25544421471195244 0.5371653100982439 0.00942954400063627 0.008814368960052457
2 0.2569067173774525 0.5225383538680597 0.012609088001272717 0.017015649841473354
2 0.26293854137490713 0.49034631842100723 0.007921588001272717 0.016555833782499755
2 0.26517320337363454 0.4743269367073099 0.006322725334181811 0.011139403868105097
2 0.26820729670590726 0.4608624979311522 0.007903406667727176 0.013924254835131334
2 0.26969707137172555 0.4501829101220206 0.0047602253341818114 0.01098613184844728
2 0.30946754869508963 0.3225136270846007 0.006359088001272717 0.01640256176284194
2 0.5509663473901792 0.6516945870243179 0.04307838534372692 0.13308571295181457
2 0.5690340000397709 0.43793658151543685 0.033430665340545215 0.0926923966233412
2 0.5833590346912716 0.24824596658201623 0.015843176002545433 0.03311166756499951
2 0.5581852173376817 0.0030573744054682786 0.006340906667727353 0.006114748810936557
2 0.5451130526734542 0.03079522746502838 0.006322725334181811 0.011139403868105089
2 0.5428238466740906 0.03891987233662042 0.00474204400063627 0.008354552901078824
2 0.5389630500079542 0.0458819997541861 0.006322725334181811 0.011139403868105097
1 0.530505660009545 0.06646183796756744 0.01900453866963616 0.0386813694990521