2 0.18671875 0.11447368421052631 0.04140625 0.034210526315789476
2 0.11015625 0.14210526315789473 0.03203125 0.034210526315789476
2 0.0546875 0.1368421052631579 0.03671875 0.03289473684210526
2 0.32109375 0.3223684210526316 0.0546875 0.05526315789473684
2 0.38671875 0.575 0.07421875 0.06447368421052632
2 0.50859375 0.6 0.0484375 0.05
2 0.615625 0.6171052631578947 0.01484375 0.02236842105263158
2 0.55703125 0.1736842105263158 0.01171875 0.015789473684210527
2 0.3390625 0.014473684210526316 0.01484375 0.017105263157894738
2 0.4 0.08289473684210526 0.021875 0.025
2 0.4484375 0.09342105263157895 0.021875 0.031578947368421054
2 0.46796875 0.1 0.009375 0.017105263157894738
2 0.459375 0.09868421052631579 0.00390625 0.014473684210526316
2 0.53671875 0.13026315789473683 0.00625 0.010526315789473684
2 0.54375 0.13421052631578947 0.0078125 0.013157894736842105
2 0.50859375 0.11973684210526316 0.00546875 0.007894736842105263
2 0.5015625 0.11710526315789474 0.00703125 0.013157894736842105
2 0.49375 0.1118421052631579 0.00703125 0.009210526315789473
2 0.48515625 0.10789473684210527 0.0078125 0.013157894736842105
1 0.71875 0.5263157894736842 0.0203125 0.034210526315789476
2 0.73984375 0.5526315789473685 0.00625 0.009210526315789473
2 0.73515625 0.5473684210526316 0.0046875 0.007894736842105263
2 0.73203125 0.5421052631578948 0.00625 0.011842105263157895
2 0.75625 0.5710526315789474 0.00625 0.014473684210526316