2 0.21078345037150353 0.2586767425924377 0.010102746071058632 0.026775216235344974
2 0.2564812481379732 0.3594666591096987 0.016643844499481995 0.03760781653259253
2 0.4109482702638797 0.3026500875935187 0.0385573858558109 0.09649797802496277
2 0.5491760163349383 0.33570413623822765 0.04419095574818712 0.1309382177215826
2 0.5727847983856422 0.54053207261913 0.03521406203449331 0.08845009892897068
2 0.3235146985094767 0.6110988580233379 0.009884422249741042 0.018880479393239787
2 0.299150399295265 0.6046488476609773 0.00668664764263518 0.01609575819198432
2 0.29651555086684156 0.5940076751810884 0.00490582382131759 0.008124450222935533
2 0.26580489826180764 0.4427059660230496 0.019768844499482085 0.03776095878647957
2 0.2702569578151016 0.4626342359456714 0.00803082382131759 0.00827759247682258
2 0.27218333085063084 0.4758687018094569 0.01293664764263518 0.01640204269975811
2 0.2792338515287954 0.5051223547382834 0.00824914764263518 0.01617232931892784
2 0.28197786186787754 0.5197108956392249 0.006541098428423453 0.010832600297247478
2 0.28472187220695977 0.5342994365401664 0.008103598428423453 0.010909171424191
2 0.2873567206353832 0.5449406090200554 0.006541098428423453 0.010832600297247478
2 0.5926499962759463 0.722838445693514 0.013227746071058633 0.026928358489231797
2 0.5774338728261323 0.9625559236005161 0.00817637303552914 0.013540750371559421
2 0.5641333521479679 0.9329959861639158 0.006541098428423453 0.010832600297247478
2 0.5608264156302033 0.9262638965416078 0.006468323821317412 0.008201021349879056
2 0.5575194791124385 0.9195318069192998 0.006541098428423453 0.010832600297247478
1 0.5491247822555918 0.8980963197056352 0.021331344499482086 0.0378375299134228