2 0.4044829669207086 0.05127963724080808 0.015734084308955332 0.031885159301818004
2 0.3801187711754347 0.09385952889546811 0.028252265027114642 0.03739328674327245
2 0.3456074157892405 0.13400687935946776 0.03451135538619425 0.040147350463999636
2 0.11290750351604142 0.5582756580790059 0.015697722872636932 0.02135884351234432
2 0.18576374141579302 0.4989570357466049 0.02510908430895542 0.032068886461856114
2 0.15930578054520864 0.4692144381386429 0.0188409035907962 0.02668324379376058
2 0.5786688589022357 0.5096768582532502 0.07519089754067192 0.056732975175042326
2 0.6660102984991895 0.3277142241281601 0.06427157825883115 0.061781784716401195
2 0.7521609010567134 0.49048843210833326 0.056440897540672094 0.056365520854965954
2 0.9915915605994379 0.3792244421589387 0.012572722872636888 0.021297601125664898
2 0.9690807563447118 0.3375631863044695 0.015697722872636887 0.02135884351234432
2 0.9403563135263042 0.2854980994338855 0.015697722872636887 0.02135884351234432
2 0.9528244972695254 0.2944636562029574 0.01258181323171641 0.02392918007303332
2 0.9637438165513663 0.2995124657443164 0.012563632513557365 0.01866602217829648