1 0.10390625 0.5105263157894737 0.01953125 0.030263157894736843
1 0.12578125 0.5131578947368421 0.03046875 0.039473684210526314
2 0.11484375 0.4776315789473684 0.01015625 0.017105263157894738
2 0.10703125 0.4868421052631579 0.009375 0.013157894736842105
2 0.140625 0.45526315789473687 0.01484375 0.019736842105263157
2 0.1265625 0.4631578947368421 0.01171875 0.017105263157894738
2 0.16484375 0.4986842105263158 0.01640625 0.02763157894736842
2 0.171875 0.44473684210526315 0.01640625 0.025
2 0.2078125 0.45921052631578946 0.02578125 0.030263157894736843
2 0.33515625 0.15 0.03125 0.03684210526315789
2 0.36640625 0.11447368421052631 0.025 0.03289473684210526
2 0.41796875 0.025 0.02109375 0.018421052631578946
2 0.4953125 0.009210526315789473 0.025 0.018421052631578946
2 0.54296875 0.49605263157894736 0.06875 0.05
2 0.6984375 0.4868421052631579 0.05 0.046052631578947366
2 0.81328125 0.34210526315789475 0.028125 0.038157894736842106
2 0.86953125 0.3105263157894737 0.0140625 0.017105263157894738
2 0.88046875 0.31973684210526315 0.0109375 0.021052631578947368
2 0.890625 0.3263157894736842 0.0109375 0.021052631578947368
2 0.9484375 0.3960526315789474 0.00859375 0.014473684210526316
2 0.93828125 0.37763157894736843 0.00625 0.013157894736842105
2 0.94296875 0.3815789473684211 0.0046875 0.010526315789473684