1 0.4202583948936575 0.8383920364481774 0.1597219924781525 0.11825999961076353
2 0.3775086052393565 0.7783533080516553 0.05403428213245363 0.05523499726344641
2 0.2954091590794225 0.778280692308176 0.044613818025830906 0.05214399155441685
2 0.5086593168386967 0.745273312940908 0.058903638558944316 0.06599102643375007
2 0.5486478193459792 0.7841062675045961 0.052426318025830906 0.05252684718913447
2 0.5874435463847256 0.7109439745512391 0.0541706744523216 0.06312973410555138
2 0.5942067087628533 0.9929719872756195 0.023846676959604095 0.014056025448760884
2 0.44354644536851123 0.5313778675659221 0.07296613855894432 0.06668016657624147
2 0.641224112761204 0.9018967154215177 0.02724446159934022 0.04077539336856501
2 0.6716845025737894 0.8586147247281803 0.03349446159934022 0.0410816778763391
1 0.687315514252272 0.7685143911864609 0.1190348079967011 0.2030346844464478
1 0.8953877416867299 0.4468514047572183 0.02393760517284953 0.03009593532520458
1 0.8810524570469938 0.46195173829893765 0.02724446159934004 0.04077539336856516
2 0.13892347835889465 0.739006346681937 0.023937605172849485 0.03009593532520458
2 0.12130406934597918 0.7631640642855589 0.017642141066226812 0.027158071870062365
2 0.10889499755922454 0.7572883373752742 0.014426212852981467 0.02174177172143848
2 0.09655412193240391 0.7474652420439372 0.017642141066226812 0.027158071870062365