2 0.3491191807870348 0.8411028392285035 0.04079013605166182 0.1022974190455096
2 0.2102050964638679 0.6432665496923219 0.01786946159934022 0.040484548590550604
2 0.22264291198241634 0.5570677217619067 0.02099446159934022 0.04066834211419138
2 0.2284299107287751 0.5389683077966991 0.009556856426490689 0.011077696360396024
2 0.22946121331519986 0.524540571967083 0.011210284639736123 0.016432751016953257
2 0.2591463648062679 0.39062244950946606 0.009647784639736123 0.016340854255132865
2 0.2565980263264659 0.40232670962989336 0.0048238923198680615 0.008170427127566432
2 0.23630224670129474 0.4906976326985751 0.006477320533113407 0.013525481784123664
2 0.23965456723440814 0.4777235314853738 0.00643185642649069 0.010893902836755244
2 0.2437881377675215 0.4647953786530826 0.008039820533113407 0.013617378545944055
2 0.24635920830063496 0.45177532905897105 0.00643185642649069 0.010893902836755244
2 0.2906153251519669 0.33451969952285837 0.006477320533113407 0.013525481784123664
2 0.5224634040648576 0.7209023767530992 0.0461141335443795 0.1394152145941288
2 0.5512369249145401 0.5039516723106465 0.03596624373179384 0.09412699191794331
2 0.5740188585380618 0.3169424870965593 0.01768760517284953 0.02995823280107692
2 0.5597016089337732 0.059260778586293576 0.009556856426490689 0.011077696360396024
2 0.5459429858142351 0.0861112350581887 0.00643185642649069 0.010893902836755244
2 0.541119093494367 0.0937302816148328 0.0063863923198681505 0.008262323889386823
2 0.5378804332278102 0.10012543545961307 0.0064318564264908675 0.010893902836755244
1 0.5289229703748288 0.12067263484854832 0.024119461599340218 0.04085213563783217