2 0.7994394608924404 0.33816225440262093 0.01310020072563951 0.02968254251561575
2 0.7514086994596951 0.42887235256049844 0.018005955534962936 0.040484548590550604
2 0.7295584921106336 0.5395657483009014 0.012881945916316084 0.019156226726142065
2 0.7313938106222879 0.5264997503258797 0.009593254809323427 0.011077696360396024
2 0.7372445065386038 0.5084003363606722 0.022693455534962936 0.040760238876011774
2 0.7109796177011969 0.6056601470787719 0.004905754809323426 0.010802006074934855
2 0.7135689043616857 0.5939558869583446 0.006468254809323426 0.010893902836755244
2 0.7185019410221746 0.5823894719806478 0.006468254809323426 0.010893902836755244
2 0.7219270413849943 0.5680995812937624 0.00813988221398514 0.016248957493312476
2 0.7014310029104068 0.6512073464677072 0.006468254809323426 0.010893902836755244
2 0.6980331843987526 0.6641814476809085 0.00970238221398514 0.016340854255132865
2 0.6727330840359329 0.6771847837023086 0.011374009618646852 0.021695908911690247
2 0.6203348034507119 0.2617587047281555 0.0410813569862416 0.09966584009814132
2 0.4624751742319516 0.330200607493485 0.049657748818873595 0.13696742917040117
2 0.4270510510036411 0.5296784617307615 0.03935516587924912 0.09167920649421567
2 0.39993050109630834 0.7059315892508241 0.017787700725639333 0.029958232801076772
2 0.40582085863070416 0.9499959192151457 0.011264882213985139 0.016432751016953406
2 0.41883921380284733 0.9257310933097088 0.006468254809323426 0.010893902836755244
2 0.4277057823145016 0.9130786307628789 0.006468254809323426 0.010893902836755244
2 0.42290915490983993 0.9180660983721545 0.004905754809323426 0.010802006074935004
1 0.43673604193314847 0.8925314313739436 0.022638891832631812 0.03812865992864335