2 0.05390625 0.13815789473684212 0.034375 0.030263157894736843
2 0.1109375 0.14210526315789473 0.03203125 0.031578947368421054
2 0.18671875 0.11710526315789474 0.04140625 0.034210526315789476
2 0.340625 0.015789473684210527 0.0140625 0.015789473684210527
2 0.39921875 0.08157894736842106 0.0203125 0.025
2 0.54375 0.13289473684210526 0.00859375 0.011842105263157895
2 0.5375 0.13026315789473683 0.0046875 0.006578947368421052
2 0.50859375 0.11973684210526316 0.00546875 0.007894736842105263
2 0.50234375 0.11710526315789474 0.00703125 0.011842105263157895
2 0.49453125 0.1118421052631579 0.00703125 0.009210526315789473
2 0.4859375 0.10921052631578948 0.0078125 0.009210526315789473
2 0.4671875 0.1 0.00859375 0.018421052631578946
2 0.459375 0.09868421052631579 0.0046875 0.013157894736842105
2 0.44921875 0.09342105263157895 0.02109375 0.031578947368421054
2 0.57265625 0.17763157894736842 0.01015625 0.010526315789473684
2 0.30390625 0.3144736842105263 0.05390625 0.05263157894736842
2 0.3875 0.575 0.07109375 0.06184210526315789
2 0.509375 0.6 0.04765625 0.05
2 0.615625 0.618421052631579 0.01484375 0.021052631578947368
2 0.75625 0.5710526315789474 0.00703125 0.011842105263157895
2 0.73984375 0.5526315789473685 0.00625 0.009210526315789473
2 0.734375 0.5473684210526316 0.0046875 0.009210526315789473
2 0.73125 0.5421052631578948 0.00625 0.010526315789473684
1 0.71875 0.5289473684210526 0.0203125 0.034210526315789476