2 0.49609375 0.010526315789473684 0.02421875 0.019736842105263157
2 0.41640625 0.02236842105263158 0.02265625 0.015789473684210527
2 0.3890625 0.07763157894736843 0.0140625 0.02894736842105263
2 0.36640625 0.11315789473684211 0.0265625 0.031578947368421054
2 0.33515625 0.15 0.03125 0.035526315789473684
2 0.12265625 0.5184210526315789 0.01328125 0.017105263157894738
2 0.1890625 0.4697368421052632 0.021875 0.02894736842105263
2 0.16484375 0.4407894736842105 0.0171875 0.02236842105263158
2 0.54296875 0.49605263157894736 0.06796875 0.04868421052631579
2 0.621875 0.3368421052631579 0.0578125 0.05
2 0.6984375 0.4868421052631579 0.05078125 0.046052631578947366
2 0.91640625 0.3986842105263158 0.01328125 0.018421052631578946
2 0.89453125 0.3605263157894737 0.01484375 0.018421052631578946
2 0.86953125 0.3118421052631579 0.01328125 0.018421052631578946
2 0.88046875 0.31973684210526315 0.01015625 0.021052631578947368
2 0.88984375 0.3236842105263158 0.0109375 0.017105263157894738
2 0.93828125 0.37894736842105264 0.00625 0.010526315789473684
2 0.94375 0.38026315789473686 0.0046875 0.009210526315789473
2 0.94921875 0.40657894736842104 0.00625 0.011842105263157895
2 0.97265625 0.4328947368421053 0.00546875 0.009210526315789473