2 0.00859375 0.20657894736842106 0.0171875 0.02894736842105263
2 0.084375 0.21973684210526315 0.03671875 0.035526315789473684
2 0.109375 0.14210526315789473 0.0328125 0.02894736842105263
2 0.05625 0.1368421052631579 0.03359375 0.034210526315789476
2 0.1875 0.11578947368421053 0.04296875 0.03684210526315789
2 0.38671875 0.5763157894736842 0.07265625 0.06842105263157895
2 0.33984375 0.014473684210526316 0.015625 0.017105263157894738
2 0.4 0.08157894736842106 0.021875 0.02368421052631579
2 0.53515625 0.21973684210526315 0.01328125 0.02894736842105263
2 0.4484375 0.09210526315789473 0.02109375 0.030263157894736843
2 0.4671875 0.1 0.009375 0.019736842105263157
2 0.459375 0.09736842105263158 0.0046875 0.015789473684210527
2 0.50859375 0.11973684210526316 0.00546875 0.009210526315789473
2 0.50234375 0.11710526315789474 0.00703125 0.011842105263157895
2 0.49375 0.1118421052631579 0.00703125 0.010526315789473684
2 0.4859375 0.10921052631578948 0.0078125 0.010526315789473684
2 0.5375 0.13026315789473683 0.00546875 0.009210526315789473
2 0.54453125 0.13421052631578947 0.0078125 0.013157894736842105
2 0.509375 0.6013157894736842 0.05 0.05263157894736842
2 0.6390625 0.506578947368421 0.0203125 0.02631578947368421
2 0.61484375 0.618421052631579 0.015625 0.02236842105263158
2 0.75625 0.5710526315789474 0.00703125 0.011842105263157895
2 0.73984375 0.5526315789473685 0.00703125 0.009210526315789473
2 0.73515625 0.5460526315789473 0.00546875 0.010526315789473684
2 0.73125 0.5421052631578948 0.00546875 0.011842105263157895
1 0.71953125 0.5276315789473685 0.02109375 0.03289473684210526