2 0.08385920026230324 0.9132915475423486 0.04138889183263199 0.039231421070488035
2 0.14069947730414528 0.9007267894201149 0.03670139183263199 0.03895573078502701
2 0.21917914136929584 0.9132372144869902 0.044623019237293705 0.04467837248886566
2 0.4349678324762884 0.9084501981978819 0.02247520072563951 0.03023392308653809
2 0.5700124658713999 0.7819422305261086 0.011374009618646852 0.021695908911690247
2 0.5757093943645207 0.8303507507669634 0.009647818511654194 0.013709275307764444
2 0.5695685217691825 0.8359814957089817 0.006468254809323426 0.010893902836755244
2 0.5417163402808367 0.8507935321585909 0.006468254809323426 0.010893902836755244
2 0.535548185834333 0.855108487626925 0.006468254809323426 0.010893902836755244
2 0.5278448132389947 0.8608311293307637 0.006468254809323426 0.010893902836755244
2 0.5201414406436564 0.8665537710346025 0.006468254809323426 0.010893902836755244
2 0.48305066841113786 0.8884961354235552 0.024146828130301046 0.035588977743095475
2 0.49382447730414525 0.879958121248707 0.005014882213985139 0.016065163969671847
2 0.5008011636018145 0.8769130068731469 0.009756945916316085 0.018972433202501287
2 0.39106154273575666 0.41305755752438855 0.07803571996293313 0.07555557290814632
2 0.482807587833766 0.5749706536394313 0.048075401451278844 0.06065163969671696
2 0.5113095553496284 0.365146084799098 0.05276290145127884 0.06092732998217813
2 0.6169866364751544 0.3312655260479431 0.01767857332097762 0.024695074906340077
2 0.7621453690519593 0.35302823347429396 0.008030754809323425 0.010985799598575634
2 0.7469568786706061 0.37499983267144527 0.006468254809323426 0.010893902836755244
2 0.7431324742241023 0.37917694299704885 0.004796627404661713 0.005538848180198012
2 0.7393626334799295 0.38598563227002086 0.006468254809323426 0.010893902836755244
1 0.7271627338427493 0.4011944905751103 0.024146828130301046 0.03558897774309532