2 0.030233487348817468 0.19097212558005844 0.03931703866963623 0.03837337226023399
2 0.08493916868236293 0.19145993073152037 0.03306703866963623 0.03812836954070184
2 0.16201928934595394 0.1502701273404676 0.042460220003181705 0.04112745256736848
2 0.3135266980028635 0.023245554472923532 0.014189769334818081 0.01897230875052634
2 0.526699407344045 0.11228388306146125 0.009447725334181811 0.010893819868771939
2 0.5196499760104996 0.10992793217356653 0.0031795440006362695 0.008017238201871335
2 0.377217028007636 0.07997542825344976 0.023601132001908987 0.024602970724561444
2 0.42804373134149964 0.08456372852567191 0.023673857336090797 0.03512928651403513
2 0.43901759400859053 0.08939813166122745 0.0032159066677271753 0.013280396096608178
2 0.44682100334181774 0.08777608878812802 0.011082950668363623 0.02148138633812866
2 0.4898988413430905 0.10188116877555485 0.006304544000636269 0.008139739561637408
2 0.4836397506763177 0.10081038202140283 0.006322725334181811 0.010771318509005867
2 0.47502781934277233 0.09851568181339114 0.006322725334181811 0.010771318509005867
2 0.4656164566756814 0.09362002799795255 0.007885225334181812 0.010832569188888903
2 0.5644812180139993 0.15160334042847873 0.007885225334181812 0.010832569188888903
2 0.2914624360279987 0.3360370452742686 0.05512385200509069 0.06530166853274863
2 0.3893015940483614 0.5849017074088299 0.07861589600572705 0.07411516557309955
2 0.5143743193825432 0.5905279688076601 0.05196248933799978 0.05991600927824565
2 0.6237947727164068 0.5928193685842681 0.018913632001908987 0.024419218684912373
2 0.7647555800445434 0.5228024978443264 0.006322725334181811 0.010771318509005978
2 0.7380021760423162 0.49621218045496973 0.006322725334181811 0.010771318509005978
2 0.7411726293761799 0.5026686264636246 0.006304544000636269 0.008139739561637558
2 0.747449901376498 0.5063709921651451 0.006322725334181811 0.010771318509005829
1 0.7246391100413617 0.4848907059708177 0.023673857336090797 0.03512928651403513