2 0.05703125 0.1394736842105263 0.03671875 0.02894736842105263
2 0.11015625 0.14210526315789473 0.03046875 0.030263157894736843
2 0.18828125 0.11578947368421053 0.040625 0.03684210526315789
2 0.384375 0.35526315789473684 0.05078125 0.056578947368421055
2 0.3390625 0.014473684210526316 0.01484375 0.018421052631578946
2 0.4 0.08157894736842106 0.021875 0.025
2 0.4484375 0.09342105263157895 0.021875 0.031578947368421054
2 0.46796875 0.1 0.00859375 0.019736842105263157
2 0.46015625 0.09868421052631579 0.00390625 0.013157894736842105
2 0.50859375 0.11973684210526316 0.00546875 0.009210526315789473
2 0.5015625 0.11710526315789474 0.00625 0.011842105263157895
2 0.49375 0.1118421052631579 0.00625 0.011842105263157895
2 0.48515625 0.10789473684210527 0.0078125 0.013157894736842105
2 0.54375 0.13421052631578947 0.0078125 0.014473684210526316
2 0.53671875 0.13026315789473683 0.00546875 0.010526315789473684
2 0.5453125 0.1763157894736842 0.01015625 0.018421052631578946
2 0.38828125 0.5763157894736842 0.07265625 0.06578947368421052
2 0.509375 0.6013157894736842 0.05 0.04473684210526316
2 0.6171875 0.6171052631578947 0.01875 0.021052631578947368
2 0.75625 0.5710526315789474 0.00703125 0.011842105263157895
2 0.73984375 0.5526315789473685 0.00703125 0.009210526315789473
2 0.73125 0.5434210526315789 0.00546875 0.011842105263157895
2 0.73515625 0.5460526315789473 0.003125 0.009210526315789473
1 0.71875 0.5289473684210526 0.021875 0.034210526315789476