2 0.5345749946689999 0.06561955822902213 0.0252363573360908 0.03592618431850149
2 0.4700766900063633 0.11116957028448782 0.012663632001908986 0.02454203952767177
2 0.4778528273392725 0.10644255551559847 0.006377269334818081 0.018849967132256937
2 0.48792726133831793 0.09529743631604234 0.026835220003181705 0.041296570838407834
2 0.43205906934277233 0.14670036370467715 0.007903406667727353 0.013694037862689612
2 0.4382727066756814 0.14186612031061832 0.00948408800127254 0.01643284543522755
2 0.4452403220082724 0.1331381228080916 0.007903406667727353 0.013694037862689612
2 0.4529982780076359 0.12577952909183382 0.011028406667727354 0.013908495113028607
2 0.4048789513446813 0.16850807329052667 0.007903406667727353 0.013694037862689575
2 0.3986744046785449 0.17465810615826968 0.009484088001272716 0.01643284543522755
2 0.3935147373488175 0.21901964807543964 0.014207950668363533 0.02201768920547283
2 0.6516454106858627 0.2827650028073547 0.06306362133990877 0.08586809237520111
2 0.6293629727084527 0.5613661170119643 0.08659202800763595 0.1006344164895857
2 0.5119578440483614 0.6348493031800879 0.056759077339272324 0.07754444103241778
2 0.40772487738699753 0.6934544589779419 0.018968176002545432 0.0328656908704551
2 0.2594055560550429 0.7003730027447339 0.00793976933481808 0.018957195757426642
2 0.27328624271958846 0.6750222708975753 0.007903406667727176 0.0136940378626895
2 0.2794271547183158 0.6596617117140428 0.007903406667727264 0.01369403786268965
2 0.27635669871895213 0.667341991305809 0.007885225334181812 0.011062458915321078
1 0.29024647605027043 0.6433070489323346 0.02530908267027261 0.04645250010797512