2 0.671875 0.8920327055907054 0.0359375 0.04492432162262682
2 0.92890625 0.49292294075885096 0.0125 0.022033173653636894
2 0.9203125 0.5120181160667789 0.0125 0.019401594706268472
2 0.9296875 0.5204932358265513 0.0125 0.022033173653636894
2 0.90625 0.5460159627429098 0.0140625 0.022155741412973086
2 0.91328125 0.5902012499311602 0.0140625 0.03268205720244662
2 0.51171875 0.5769643219752955 0.0703125 0.05814712811749655
2 0.44609375 0.493954273130573 0.0796875 0.07204042941035566
2 0.17109375 0.6431577777211092 0.046875 0.058940190674822264
2 0.19609375 0.589880904098046 0.0421875 0.05594090844944527
2 0.2796875 0.5820077394998763 0.0609375 0.06793803735095325
1 0.28515625 0.6815787523421997 0.159375 0.1282913851365011
2 0.11171875 0.6951837736285157 0.0296875 0.04180247163791364
2 0.06875 0.701185965957629 0.0171875 0.02766403482638231
2 0.05546875 0.6917014761225131 0.0125 0.024664752601005317
2 0.0421875 0.6809011968137126 0.01875 0.03041818153308692