2 0.30703125 0.3171052631578947 0.0546875 0.05789473684210526
2 0.38828125 0.575 0.07265625 0.06315789473684211
2 0.615625 0.6171052631578947 0.01484375 0.021052631578947368
2 0.50859375 0.6 0.0484375 0.04736842105263158
2 0.05546875 0.1394736842105263 0.0359375 0.031578947368421054
2 0.1109375 0.14342105263157895 0.0296875 0.031578947368421054
2 0.1875 0.11578947368421053 0.0421875 0.03289473684210526
2 0.33984375 0.014473684210526316 0.01484375 0.014473684210526316
2 0.40078125 0.08157894736842106 0.02109375 0.02236842105263158
2 0.4484375 0.09210526315789473 0.02109375 0.030263157894736843
2 0.459375 0.09868421052631579 0.00390625 0.013157894736842105
2 0.46796875 0.1 0.009375 0.019736842105263157
2 0.53671875 0.13157894736842105 0.0046875 0.009210526315789473
2 0.54375 0.13289473684210526 0.00859375 0.014473684210526316
2 0.4859375 0.10789473684210527 0.0078125 0.010526315789473684
2 0.49375 0.1118421052631579 0.00703125 0.010526315789473684
2 0.50234375 0.11578947368421053 0.0078125 0.011842105263157895
2 0.509375 0.11973684210526316 0.00546875 0.009210526315789473
2 0.5671875 0.1763157894736842 0.009375 0.010526315789473684
2 0.75625 0.5710526315789474 0.0078125 0.014473684210526316
2 0.73984375 0.5526315789473685 0.00625 0.009210526315789473
2 0.734375 0.5473684210526316 0.00390625 0.009210526315789473
2 0.73125 0.5421052631578948 0.00546875 0.009210526315789473
1 0.71875 0.5289473684210526 0.0203125 0.03289473684210526