1 0.7901132408819442 0.23982322899069858 0.052691201747361305 0.19620674230974464
2 0.8158418991263193 0.07334473958563738 0.018314895326597025 0.08208422556371157
2 0.648816746865868 0.17952957348666648 0.05018314437666671 0.12773975529677564
2 0.6115693603729859 0.3318788865416267 0.04535017401194459 0.11707563636313177
2 0.5809356497919095 0.4577286725973426 0.04513196846486114 0.10128616267892132
2 0.43896570212861086 0.5026752077973523 0.043678571238402776 0.10913496513963662
2 0.473361498765729 0.27412494122218295 0.05846842306201392 0.1621799535195153
2 0.7501389382609025 0.5329849829205644 0.014608013867708358 0.03988709364303672
2 0.7563175094993053 0.424952442934289 0.022638719414791807 0.055906239234197505
2 0.7858231715434025 0.43723758442472027 0.019368249050069508 0.0452880546819436
2 0.7821890252668748 0.4741715584506582 0.01751480832062491 0.024189488721606266
2 0.7847509808139581 0.4583131831943626 0.012681837955902785 0.013525369787962397
2 0.7772287683330206 0.4940462037000915 0.01751480832062491 0.024189488721606266
2 0.7627116734432636 0.5273543499747072 0.014535278685347208 0.034623935748299875
2 0.40149684403673563 0.9535938954251533 0.009593205547083272 0.016065079972550897
2 0.4402326889264926 0.9195737662389918 0.011192073138263935 0.018742593301309278
2 0.4241530940367356 0.9529278468949975 0.007994337955902786 0.013387566643792214
2 0.4462826671749996 0.933863712923958 0.0112284407294446 0.0213741722486777
2 0.4374707116279161 0.9499058257058137 0.009593205547083272 0.016065079972550897