2 0.5684122240221223 0.9955670599146331 0.006359094155801337 0.008865880170733781
2 0.5484309606294417 0.9515281154017085 0.006359094155801337 0.011077976624032041
2 0.5524053944768176 0.9584518507917285 0.006331820616851047 0.00844639767666362
2 0.5556122150936686 0.9666224180511129 0.006359094155801337 0.011077976624032041
1 0.5396326590873143 0.9310327396489275 0.01913182954530477 0.038497087766832964
2 0.5892860113607904 0.7513734152182443 0.012772735389503432 0.027419111142800927
2 0.5717518636342666 0.5657837368160591 0.03215002678536116 0.08960040943594953
2 0.5508336172877146 0.3549182279965946 0.04196140340856669 0.1325331638456818
2 0.3877102800317721 0.20511768811292416 0.03691934740221221 0.09790889190397356
2 0.2056750758918568 0.26398160870209303 0.009593188311602673 0.021880122830784905
2 0.24966658360249455 0.3664584874659973 0.016006829545304767 0.03822125734955379
2 0.2583518368489054 0.4513585898249847 0.01913182954530477 0.038497087766832964
2 0.26246263839103295 0.4714402199518468 0.007921594155801338 0.011215891832671632
2 0.26416150608578465 0.48473602989732856 0.012663641233702094 0.01689279535332724
2 0.28896268303330164 0.6183837053953433 0.009538641233702095 0.016616964936048063
2 0.2872910888775003 0.60771947439723 0.0032068206168510472 0.008170567259384441
2 0.2789603916374438 0.5570298983540322 0.004796594155801337 0.010940061415392452
2 0.2757126607121673 0.5449119626735951 0.007948867694751626 0.013847470780040052
2 0.2732189062479405 0.5302314056501094 0.0063863676947516265 0.013709555571400463
2 0.2707251517837136 0.5155508486266237 0.007948867694751716 0.013847470780040052
2 0.3184962244291595 0.6814614525446492 0.0063863676947516265 0.013709555571400463