2 0.3555825499284124 0.8704316788494304 0.03624658267027252 0.046497978024962694
2 0.39048426125877617 0.9055509337563604 0.028343176002545344 0.032957227653403275
2 0.5052376519335031 0.7999612414894877 0.05188976400381797 0.049895268241766044
2 0.48318138594050275 0.71422941756701 0.05666817067154532 0.06328287635943812
2 0.5558830892743664 0.7040899127957178 0.06133748933799978 0.06088101079290027
2 0.6379779739417754 0.6908594023153967 0.05817612667090888 0.05546471064427638
2 0.6837813699475024 0.6175862080550888 0.05813976400381797 0.05020155274953969
2 0.9730716839592745 0.45740620355507244 0.01578863200190881 0.024449921795750423
2 0.9282398946133206 0.6161291424779105 0.01893181333545435 0.027234642997005738
2 0.9408035292807296 0.6063060471465733 0.012645450668363622 0.021665200594494956
2 0.9533853452816843 0.5938513728678677 0.015806813335454705 0.027081500743118842
2 0.5716000906270018 0.46392708844270036 0.07857953333863606 0.06961803003138368