2 0.20776905318972272 0.9712447006757082 0.022129573138263935 0.01992225338395195
2 0.2906471030578821 0.3604123120902293 0.020676175911805574 0.027709761600887735
2 0.23643172853284736 0.33434450346924993 0.009593205547083272 0.01643284543522755
2 0.23348856648875013 0.347287940955753 0.0063954703647222996 0.0109552302901516
2 0.22560398451677105 0.39801397299100494 0.0063954703647222996 0.0109552302901516
2 0.22344207247267384 0.4110110247900928 0.008030705547083272 0.01632561681005807
2 0.21973584422416687 0.42521663743769544 0.006431837955902786 0.013586809237520021
2 0.21682904977125023 0.4407916538715669 0.00803070554708336 0.01632561681005792
2 0.21263251225218777 0.4759962837855321 0.004942073138263936 0.018742738507087384
2 0.21125185020809054 0.4890469498972047 0.0031977351823611498 0.0054776151450758
2 0.21310529093753497 0.5102068101013216 0.008358013867708357 0.04000982733637386
2 0.5214282436348266 0.6812236206345439 0.04883884992375016 0.1453221219129797
2 0.5433006307932988 0.4566234891635717 0.03568423328249999 0.0970958718589923
2 0.4853400475870487 0.2160283820194812 0.020894381458888844 0.04349923528509826
2 0.5616486276591668 0.25938686507704417 0.01606141109416672 0.032651233620116064
2 0.5164426175911805 0.03807063956588865 0.007848867591180664 0.0031677220732159277
1 0.5080852569338542 0.054586145285351134 0.02554551386770836 0.041189342213238334