2 0.0546875 0.1394736842105263 0.0375 0.03289473684210526
2 0.1109375 0.14342105263157895 0.0328125 0.034210526315789476
2 0.1875 0.11578947368421053 0.03984375 0.035526315789473684
2 0.340625 0.015789473684210527 0.01328125 0.014473684210526316
2 0.4 0.08289473684210526 0.0203125 0.02368421052631579
2 0.55 0.1736842105263158 0.01171875 0.015789473684210527
2 0.4484375 0.09210526315789473 0.02109375 0.030263157894736843
2 0.459375 0.09736842105263158 0.0046875 0.014473684210526316
2 0.4671875 0.09868421052631579 0.009375 0.019736842105263157
2 0.4859375 0.10921052631578948 0.00859375 0.014473684210526316
2 0.49453125 0.1118421052631579 0.00703125 0.013157894736842105
2 0.50234375 0.11578947368421053 0.0078125 0.014473684210526316
2 0.509375 0.11842105263157894 0.00546875 0.010526315789473684
2 0.5375 0.12894736842105264 0.0046875 0.010526315789473684
2 0.54453125 0.13289473684210526 0.00703125 0.013157894736842105
2 0.50859375 0.6 0.0484375 0.05131578947368421
2 0.38671875 0.575 0.07421875 0.06447368421052632
2 0.3484375 0.3368421052631579 0.05390625 0.05789473684210526
2 0.61640625 0.6171052631578947 0.01796875 0.019736842105263157
2 0.75625 0.5723684210526315 0.00703125 0.013157894736842105
2 0.73984375 0.5526315789473685 0.00546875 0.009210526315789473
2 0.73125 0.5421052631578948 0.00546875 0.011842105263157895
2 0.734375 0.5473684210526316 0.00546875 0.010526315789473684
1 0.71875 0.5302631578947369 0.0203125 0.034210526315789476