1 0.13359375 0.22105263157894736 0.16015625 0.16052631578947368
2 0.11015625 0.14342105263157895 0.03359375 0.030263157894736843
2 0.1875 0.11578947368421053 0.04140625 0.031578947368421054
2 0.334375 0.40921052631578947 0.06328125 0.060526315789473685
2 0.428125 0.34210526315789475 0.04765625 0.05263157894736842
2 0.32421875 0.31973684210526315 0.0640625 0.06184210526315789
2 0.3625 0.28421052631578947 0.04921875 0.04868421052631579
2 0.44140625 0.3144736842105263 0.0484375 0.05
2 0.36953125 0.11052631578947368 0.03125 0.025
2 0.4 0.08289473684210526 0.021875 0.025
2 0.4484375 0.09342105263157895 0.021875 0.031578947368421054
2 0.4671875 0.1 0.009375 0.018421052631578946
2 0.50859375 0.6052631578947368 0.05 0.05921052631578947
2 0.54765625 0.49473684210526314 0.03828125 0.05
2 0.6625 0.5197368421052632 0.01640625 0.025
2 0.615625 0.618421052631579 0.01484375 0.019736842105263157
2 0.75 0.6092105263157894 0.00546875 0.007894736842105263
2 0.7421875 0.6078947368421053 0.00625 0.009210526315789473
2 0.74296875 0.5947368421052631 0.0046875 0.010526315789473684
2 0.7265625 0.5381578947368421 0.0078125 0.011842105263157895
2 0.73125 0.5421052631578948 0.00625 0.009210526315789473
2 0.73984375 0.5526315789473685 0.00546875 0.007894736842105263
2 0.734375 0.5473684210526316 0.003125 0.007894736842105263
2 0.74765625 0.5947368421052631 0.0046875 0.007894736842105263