2 0.22425675469445325 0.3556099421312349 0.025472714672181596 0.06964619066267427
2 0.25078398671227065 0.5778877117412776 0.012645450668363534 0.021665200594495105
2 0.2411908107097253 0.5458493376111958 0.023728401336727066 0.04325383006204669
2 0.22187718936981646 0.4633515367194533 0.020603401336727067 0.04310068780815964
2 0.3833221246817266 0.20556374580083459 0.04760225334181776 0.10756029170304074
2 0.3463402926877718 0.27872603875419144 0.05712270401018138 0.12907235004364886
2 0.3351397106938169 0.3531517553021155 0.044440890674726855 0.102143991554417
2 0.3873931013685438 0.45567860249124975 0.04286020934118149 0.09943584148010505
2 0.37431184603754375 0.483975116333283 0.042842028007636035 0.09680426253273663
2 0.49524251137808883 0.5793447773184559 0.044331802673454136 0.08635451787020647
2 0.5208499440244989 0.32936898256628233 0.065080654678545 0.15050783725731362
2 0.5652368380410435 0.5367378464519644 0.04600339067472685 0.10222056268136037
2 0.6039640780553611 0.716207132445976 0.015843176002545433 0.03234465863785568
2 0.557062353397497 0.8230822393899898 0.017405676002545434 0.032421229764799206
2 0.5859055160725422 0.9284078880960246 0.011064769334818082 0.01895705052018301
2 0.598541876074133 0.9487572992168357 0.007903406667727176 0.013540750371559421
2 0.5898663100731785 0.9364940527554887 0.007903406667727176 0.013540750371559421
2 0.6242958540738147 0.9460733543903501 0.007903406667727353 0.013540750371559421
2 0.6312816507399512 0.9398389770931747 0.007903406667727353 0.013540750371559421
2 0.6259038074076784 0.9527288728857147 0.007885225334181812 0.010909171424191
2 0.6352697167409056 0.9518725101736911 0.007903406667727353 0.013540750371559421