1 0.3697499295333936 0.7900388988424278 0.025591033386094874 0.03494547641803006
2 0.4678631691085523 0.8963096247492544 0.01130121285298138 0.0213741722486777
2 0.48553640241550494 0.9128866425211635 0.02568196159934022 0.0402086343127669
2 0.5326925472426554 0.9404330123098197 0.025591033386094964 0.03494547641803006
2 0.8297122997499379 0.9685246179181739 0.03772732053311358 0.014260319890203283
2 0.748530495909872 0.9669658373294036 0.04411371285298138 0.022338794257868694
2 0.6556790693459792 0.7369190321334812 0.07337531551854859 0.08895508680710003
2 0.6015682308661771 0.7503458735545958 0.05582410266556703 0.06739717703286219
2 0.5436253502247915 0.6691966432053121 0.057477530878812286 0.07270626930898899
2 0.5268553873718101 0.6907315857888551 0.05426160266556703 0.06735124265147222
2 0.6208363710744742 0.44861667464840116 0.0827957796251713 0.09186227204280882
2 0.5033366340065978 0.3797392665814131 0.057477530878812286 0.07270626930898899
2 0.42099549544765347 0.44528574915053754 0.03372178213245362 0.05359620095655941
2 0.39024560062050295 0.4172570683572858 0.030460389812585566 0.04560959535167393
2 0.33966893910030505 0.4069078304893045 0.019295569279472246 0.032130159945101495
2 0.26734530971256076 0.3445930622041103 0.008039820533113407 0.013387566643792214
2 0.27794182891289065 0.3640083636396431 0.011210284639736123 0.01611101435394086
2 0.27414923917944733 0.3575442522246972 0.008039820533113407 0.013387566643792363
2 0.27191914944600404 0.35103420642836125 0.006477320533113407 0.013341632262402252
2 0.26963523541852363 0.30244186466482553 0.008039820533113407 0.013387566643792363
2 0.265819913631769 0.2972935427235638 0.0048238923198680615 0.008032539986275448
2 0.2699080200582597 0.286652390980615 0.00643185642649069 0.010710053315033831
2 0.2652659841648824 0.28415861517741675 0.006477320533113407 0.013341632262402252