2 0.18828125 0.11578947368421053 0.0421875 0.035526315789473684
2 0.11015625 0.14210526315789473 0.03515625 0.031578947368421054
1 0.08203125 0.2723684210526316 0.1546875 0.20921052631578949
2 0.34140625 0.1118421052631579 0.034375 0.02631578947368421
2 0.46796875 0.1 0.009375 0.017105263157894738
2 0.44921875 0.09342105263157895 0.021875 0.031578947368421054
2 0.4 0.08157894736842106 0.021875 0.025
2 0.2921875 0.39473684210526316 0.053125 0.05394736842105263
2 0.32421875 0.32105263157894737 0.0640625 0.06315789473684211
2 0.3625 0.28421052631578947 0.04921875 0.04868421052631579
2 0.42890625 0.34210526315789475 0.0484375 0.05131578947368421
2 0.44140625 0.3144736842105263 0.046875 0.05
2 0.51796875 0.48026315789473684 0.0421875 0.05394736842105263
2 0.38671875 0.5802631578947368 0.07421875 0.07368421052631578
2 0.509375 0.6013157894736842 0.05 0.05263157894736842
2 0.615625 0.6171052631578947 0.01484375 0.018421052631578946
2 0.66328125 0.5197368421052632 0.015625 0.02236842105263158
2 0.72734375 0.5381578947368421 0.00859375 0.013157894736842105
2 0.73984375 0.5526315789473685 0.00625 0.009210526315789473
2 0.73203125 0.5421052631578948 0.0046875 0.009210526315789473
2 0.74375 0.593421052631579 0.00546875 0.010526315789473684
2 0.74140625 0.6065789473684211 0.0046875 0.009210526315789473
2 0.74765625 0.5947368421052631 0.0046875 0.010526315789473684
2 0.75 0.6105263157894737 0.00625 0.010526315789473684