2 0.5078125 0.6 0.05390625 0.05526315789473684
2 0.38828125 0.5763157894736842 0.07578125 0.07105263157894737
2 0.4734375 0.3986842105263158 0.05 0.05526315789473684
2 0.40625 0.36578947368421055 0.059375 0.05921052631578947
2 0.32578125 0.32894736842105265 0.059375 0.06184210526315789
2 0.08984375 0.24473684210526317 0.06015625 0.07368421052631578
2 0.1875 0.11447368421052631 0.04765625 0.035526315789473684
2 0.11015625 0.14078947368421052 0.0359375 0.031578947368421054
2 0.2578125 0.09210526315789473 0.03984375 0.02763157894736842
2 0.315625 0.1394736842105263 0.04140625 0.03684210526315789
1 0.44609375 0.11447368421052631 0.06796875 0.05394736842105263
2 0.4484375 0.08552631578947369 0.021875 0.021052631578947368
2 0.4921875 0.14736842105263157 0.02109375 0.02368421052631579
2 0.478125 0.10394736842105264 0.01015625 0.017105263157894738
2 0.49609375 0.12236842105263158 0.01796875 0.019736842105263157
2 0.53515625 0.14868421052631578 0.0140625 0.018421052631578946
2 0.734375 0.5644736842105263 0.00703125 0.013157894736842105
2 0.70546875 0.5342105263157895 0.01171875 0.017105263157894738
2 0.73984375 0.5513157894736842 0.0078125 0.010526315789473684
2 0.73046875 0.5407894736842105 0.00859375 0.015789473684210527