2 0.046875 0.3815789473684211 0.03671875 0.05263157894736842
2 0.0109375 0.275 0.021875 0.039473684210526314
2 0.11171875 0.14210526315789473 0.03359375 0.035526315789473684
2 0.18828125 0.11578947368421053 0.040625 0.03684210526315789
2 0.24296875 0.09473684210526316 0.034375 0.034210526315789476
2 0.33828125 0.06184210526315789 0.01875 0.02368421052631579
2 0.47578125 0.13421052631578947 0.0203125 0.021052631578947368
2 0.46796875 0.09868421052631579 0.00859375 0.018421052631578946
2 0.44921875 0.09342105263157895 0.02109375 0.031578947368421054
2 0.4 0.08157894736842106 0.021875 0.02631578947368421
2 0.31015625 0.35657894736842105 0.06328125 0.06710526315789474
2 0.38046875 0.4763157894736842 0.0609375 0.06447368421052632
2 0.38828125 0.575 0.071875 0.06184210526315789
2 0.509375 0.6013157894736842 0.05 0.05131578947368421
2 0.5640625 0.4986842105263158 0.03515625 0.042105263157894736
2 0.615625 0.6171052631578947 0.01484375 0.018421052631578946
2 0.72734375 0.5381578947368421 0.00859375 0.011842105263157895
2 0.73125 0.5434210526315789 0.00625 0.010526315789473684
2 0.73984375 0.5526315789473685 0.00703125 0.009210526315789473
2 0.73671875 0.5684210526315789 0.00703125 0.010526315789473684
2 0.74140625 0.6065789473684211 0.00703125 0.011842105263157895
2 0.74296875 0.5947368421052631 0.00546875 0.007894736842105263
2 0.74765625 0.5960526315789474 0.0046875 0.009210526315789473
2 0.746875 0.6092105263157894 0.00546875 0.007894736842105263
2 0.75078125 0.6118421052631579 0.00546875 0.007894736842105263