2 0.8000600818840882 0.577643932854301 0.01984161910658777 0.040576445352370996
2 0.7844500444567007 0.4942145290139848 0.02303939371369381 0.0433918178233802
2 0.7765454991714306 0.46304911707375557 0.013009422249740865 0.019156226726142065
2 0.7776906222069597 0.47616106342968745 0.00959332382131759 0.008446117413027603
2 0.7566482220831252 0.39436908772942686 0.008176373035529316 0.013617378545944055
2 0.7601007078151016 0.40602739946894395 0.008176373035529316 0.013617378545944055
2 0.7643708308506308 0.4189555523012351 0.00817637303552914 0.013617378545944055
2 0.7678597038861602 0.4319296535144364 0.008176373035529316 0.013617378545944055
2 0.7140411910658786 0.35338329928608825 0.009957196856846906 0.02160401214986971
2 0.7459268918516668 0.3462362577740334 0.008176373035529316 0.013617378545944055
2 0.7425107934232434 0.3358937355082005 0.00981164764263518 0.016340854255132865
2 0.5368002566150286 0.6787926981532407 0.050659279569504535 0.1395990081177696
2 0.5780501871369372 0.38774005541905643 0.03157963978475244 0.0701670911061662
2 0.47279545285270286 0.28849613542355507 0.014863020678164496 0.02977443927743614
2 0.4705693651776464 0.038220445138093896 0.00817637303552914 0.013617378545944055
2 0.49119223428423436 0.07654541982586535 0.00817637303552914 0.013617378545944055
2 0.4863591850700226 0.07155795221658968 0.006541098428423453 0.010893902836755244
2 0.4837607239451521 0.06248527104353079 0.008176373035529316 0.013617378545944055
1 0.4995505438375282 0.09582277812202657 0.019768844499482085 0.037944866405002574