2 0.7990179195922642 0.827619225040436 0.008358137023308565 0.026775273282786012
2 0.7590352711362103 0.7056768606514834 0.018115082939624473 0.045747706485287594
2 0.7540278234057957 0.614703593443632 0.024310519237293705 0.04348371458520058
2 0.7501116497219982 0.5763619051831491 0.012881945916316084 0.019156226726142065
2 0.7504390319359834 0.5921513788673597 0.009538691106992658 0.008446117413027603
2 0.7298958642426359 0.4292984092241775 0.00813988221398514 0.016248957493312476
2 0.73173118275429 0.44254820072284 0.004851191106992658 0.008170427127566432
2 0.7383184886520726 0.496817207810264 0.006468254809323426 0.010893902836755244
2 0.7401810890148923 0.5113827887826107 0.009647818511654194 0.013709275307764444
2 0.7428522212288775 0.5273101076095518 0.006577382213985139 0.016157060731492087
2 0.7454960715916972 0.5419216369628087 0.00813988221398514 0.016248957493312476
2 0.7012425853866953 0.36453232115547857 0.006577382213985139 0.016157060731492087
2 0.5991915343830542 0.8618631227254633 0.04437004809323426 0.10774437046388752
2 0.4290749526245559 0.6731287491705392 0.04982143992586607 0.14486216601250643
2 0.4164608468194406 0.4410903179930162 0.03946429328391084 0.09694236438895251
2 0.40913444173996466 0.238274945522007 0.01778770072563951 0.02995823280107692
2 0.46411706370233086 0.029924917208023885 0.006359127404661713 0.005630744942018402
1 0.47320188702330857 0.05411455992435181 0.02436508293962447 0.04611529353256899