2 0.50078125 0.8715876493152245 0.0078125 0.013847470780040052
2 0.50078125 0.8492192282625928 0.009375 0.019248543883416482
2 0.51796875 0.8345442662307153 0.009375 0.019248543883416482
2 0.515625 0.84264587588578 0.0078125 0.013847470780040052
2 0.51328125 0.8507474855408447 0.0078125 0.013847470780040052
2 0.51171875 0.8614117165389579 0.0078125 0.013847470780040052
1 0.484375 0.8756673379533085 0.01875 0.04112866671420139
2 0.55234375 0.5433522369038024 0.03125 0.06328461996226548
2 0.47890625 0.6485184622361786 0.01875 0.038497087766832964
2 0.4375 0.6495416363177592 0.01875 0.03586550881946455
2 0.475 0.0744949877416004 0.0625 0.1489899754832008
2 0.42421875 0.4441349682227745 0.0453125 0.10926269894528463
2 0.4109375 0.2097809317067373 0.059375 0.15787235687567253
2 0.56640625 0.04068331072019841 0.0546875 0.08136662144039682
2 0.74765625 0.21953388845543365 0.0140625 0.022293868456703596
2 0.7484375 0.1813070361142718 0.025 0.049575064390864856
2 0.74375 0.08698393963492733 0.021875 0.04929923397358572