2 0.7621805302039586 0.7217382884590153 0.06195579255305557 0.07906290366325948
2 0.6523119548814933 0.45051794900836595 0.08234102773541671 0.08611895927031098
2 0.5186636534947224 0.434778830248629 0.05715918977951393 0.07075442119523545
2 0.4038199034947224 0.4246420624136198 0.01755117591180557 0.027832856768719695
1 0.2999695113022572 0.5324380489883427 0.023983013867708357 0.041542412340120155
2 0.28648823955076413 0.5167920855043799 0.006395470364722211 0.011077976624032041
2 0.2817461881639933 0.5124309714574086 0.0048329703647223 0.010940061415392452
2 0.27622288677722245 0.5080008998061174 0.006395470364722211 0.011077976624032041
2 0.2572183136389586 0.48792486467086343 0.00803070554708336 0.016479049727408473
2 0.9827716129836981 0.8884837963255082 0.03445677403260383 0.03738257611449973
2 0.9038978643601393 0.926118005185833 0.04593074905006951 0.04873638315581095
2 0.6783900245043755 0.9824360894067778 0.025436411094166545 0.03378559070665448
2 0.6244655907087852 0.976362225235028 0.025509146276527873 0.03904874860139133
2 0.604861605526424 0.9693751272322965 0.011264808320624908 0.024649616986792616
2 0.612674105526424 0.9700647032754942 0.006431837955902786 0.013709555571400463
2 0.5844763703440629 0.9623190716252449 0.009593205547083272 0.016616964936048063
2 0.5750650027528824 0.958860001426039 0.007994337955902786 0.013847470780039752
2 0.5664348851617018 0.9554698888311529 0.007994337955902786 0.013847470780040052
2 0.5585860175705213 0.9521487338405866 0.0063954703647222996 0.011077976624032041
2 0.5194144147969796 0.9408061167824917 0.011192073138263935 0.019386459092056073
2 0.5280263485925699 0.9428804399036936 0.0063954703647222996 0.011077976624032041
2 0.482913217133681 0.8968445932995708 0.009556837955902786 0.013985385988679641