2 0.4896228372851841 0.5586370091023984 0.06148294000636341 0.08372751103516377
2 0.3760694146244565 0.4939002450076238 0.0850840720082724 0.10925023795152213
2 0.48718927530236505 0.34578553376389676 0.05677725867281787 0.08072822880978678
2 0.42587051464036485 0.29273222341557065 0.06618862133990877 0.08672679326054061
2 0.35291481997931917 0.228756065999108 0.06776930267345423 0.08948093996724522
2 0.1346289913271821 0.06571367829110457 0.0709852093411815 0.10288397022275972
2 0.37142046666136386 0.036618346962199476 0.04569430800445442 0.0588176229154861
1 0.5024613813255913 0.056585813072697125 0.07556362133990877 0.08746219981655773
2 0.5104647853278184 0.0283413953286478 0.025199994668999894 0.030908452570431514
2 0.5435130953214552 0.10465355692397255 0.025218176002545434 0.033540031517799954
2 0.5360460406588186 0.05526639572065344 0.012645450668363622 0.022033173653636818
2 0.5507079773233641 0.08041779148064393 0.02207499466899989 0.03066331705175915
2 0.585573325986637 0.1197652800534746 0.017351132001908985 0.025032455879013777
2 0.7173478479471843 0.5986368530814212 0.00792158800127254 0.01640231248089148
2 0.6934109086171386 0.5597471796669216 0.014207950668363622 0.022155741412972937
2 0.7244427326145934 0.588874771848619 0.009465906667727352 0.01389330129285925
2 0.7159580706158659 0.5737594208407574 0.011064769334818082 0.019279026946932284