2 0.9163640991816934 0.19344003422476988 0.03363095553496294 0.041081677876339026
2 0.9309970288559406 0.10871771526820255 0.035084328130301046 0.035895091108545635
2 0.8774181610699257 0.1218654850728636 0.036755955534962935 0.04123482013022596
2 0.7973487151536096 0.09953930496716805 0.044623019237293705 0.0442492547123117
2 0.5752827421954517 0.07945567862540684 0.02403770072563951 0.03009593532520458
2 0.4661632025397379 0.1240574141758927 0.006413691106992659 0.008201021349879132
2 0.47316717068857256 0.12308619477345407 0.008030754809323425 0.010909171424191
2 0.48084326143274536 0.11689010303975034 0.008030754809323425 0.010909171424191
2 0.48932788402808364 0.11204808634320253 0.008030754809323425 0.010909171424191
2 0.5078323473675949 0.1011248346033662 0.011374009618646852 0.021588629467551617
2 0.5156448473675949 0.10150769023808352 0.005014882213985139 0.016019187065040907
2 0.5256101244094369 0.09279487624742655 0.024146828130301046 0.03535909321994142
2 0.43836558475372306 0.1384686075751209 0.006468254809323426 0.010832600297247552
2 0.4314434621583848 0.14338719539861217 0.009647818511654194 0.013617321498502869
2 0.44412700063297217 0.2281337196030059 0.014771828130301045 0.03489966645828058
2 0.620133973042976 0.5864034013128999 0.07959821996293304 0.07488118792612053
2 0.49754221042910424 0.6211437559685768 0.055887901451278844 0.06057472628512647
2 0.3598586719545169 0.530271541608706 0.02409226442797028 0.032727514272573
2 0.3880407248570745 0.6473244388874837 0.019241073320977707 0.02460306404963732
1 0.2770288137871489 0.5630170915803887 0.024255955534962848 0.040622251114678265
2 0.2565079826616229 0.5896149603140204 0.006468254809323426 0.010832600297247478
2 0.2610590734057957 0.5832657263264297 0.004905754809323426 0.010756029170304104
2 0.26482891414996856 0.5768782067753674 0.006468254809323426 0.010832600297247478
2 0.2405109604291043 0.6085478055863771 0.006577382213985139 0.01609575819198432