1 0.08326180009085704 0.6886487556702 0.16652360018171408 0.2299290902877685
2 0.02933678143480708 0.765514804784076 0.04037269448207603 0.04287079299138704
2 0.1073046511770823 0.8223396435391374 0.049993355947465276 0.05094925699353056
2 0.31002461669005743 0.5629940873730874 0.07770227611928178 0.08831192254346337
2 0.39893663048486744 0.6700638956748663 0.06010534034363309 0.07481719467988461
2 0.28454325983808104 0.6533395537538723 0.07778416327441154 0.0909435014908318
2 0.318843016735486 0.7066754201480537 0.05994156603337357 0.06955403678514777
2 0.4080283474681806 0.7044734597473639 0.059941566033373486 0.06955403678514777
2 0.29966589156614387 0.8958888242151928 0.0386464201718165 0.037577013903310336
2 0.32734383423919755 0.9359290005025035 0.02762703301668683 0.0347310866025641
2 0.38108630992893805 0.9422485895674598 0.027872694482076098 0.04262582344466936
2 0.40139880992893806 0.9426466650808759 0.011674484396167806 0.02389855887969361
2 0.5248074909548885 0.41842842735096086 0.06339411465389269 0.08014159496130087
2 0.549578439620836 0.5518896562698505 0.04900406603337348 0.06933968843176995
2 0.6749502538451873 0.5675125570705382 0.022857645861557075 0.032007644075176846
2 0.6404767565587207 0.44439391678108403 0.018006371551297563 0.02665262260042087
2 0.7817258763009959 0.5024589138664031 0.008221935775648781 0.013311000703540505
2 0.7731321263009959 0.5022904973030348 0.008221935775648781 0.013311000703540505
2 0.7726817469477822 0.5167641815135611 0.008221935775648781 0.013311000703540505
2 0.7459621166900574 0.5715374003148628 0.011428822930778538 0.016003822037588347
2 0.7515536974227521 0.5676972060704991 0.008221935775648781 0.013311000703540654
2 0.7619556088881414 0.5600015069851018 0.008221935775648781 0.013311000703540505
2 0.7555827781554467 0.5638263906327957 0.004933161465389269 0.007986600422124243
2 0.7765470533702173 0.5181565239705945 0.006577548620519025 0.010648800562832524