2 0.05546875 0.1394736842105263 0.03359375 0.02894736842105263
2 0.18671875 0.11578947368421053 0.03984375 0.034210526315789476
2 0.340625 0.014473684210526316 0.01640625 0.017105263157894738
2 0.4 0.08157894736842106 0.021875 0.025
2 0.4671875 0.1 0.009375 0.018421052631578946
2 0.459375 0.09868421052631579 0.0046875 0.014473684210526316
2 0.4484375 0.09210526315789473 0.021875 0.031578947368421054
2 0.54453125 0.13421052631578947 0.00859375 0.013157894736842105
2 0.53671875 0.13026315789473683 0.00546875 0.009210526315789473
2 0.509375 0.11973684210526316 0.00546875 0.009210526315789473
2 0.48515625 0.10789473684210527 0.0078125 0.011842105263157895
2 0.49375 0.1118421052631579 0.00703125 0.011842105263157895
2 0.5015625 0.11710526315789474 0.0078125 0.011842105263157895
2 0.56171875 0.1736842105263158 0.0109375 0.014473684210526316
2 0.31328125 0.31973684210526315 0.05390625 0.05789473684210526
2 0.3875 0.575 0.07421875 0.06315789473684211
2 0.509375 0.6 0.04921875 0.05263157894736842
2 0.615625 0.6171052631578947 0.01640625 0.02368421052631579
2 0.75703125 0.5723684210526315 0.00703125 0.011842105263157895
2 0.73984375 0.5526315789473685 0.00546875 0.009210526315789473
2 0.73515625 0.5473684210526316 0.0046875 0.009210526315789473
2 0.73125 0.5421052631578948 0.00546875 0.011842105263157895
1 0.71796875 0.5289473684210526 0.0203125 0.031578947368421054
2 0.109375 0.14078947368421052 0.03046875 0.03289473684210526