2 0.2575469283803475 0.6050735364601247 0.011155705547083273 0.015896644233359774
2 0.25255095706569475 0.6392304775013395 0.019295513867708357 0.03965740515192492
2 0.24751927137024338 0.7273271319243823 0.016134146276527872 0.0369952060476569
2 0.264943160712917 0.7446008059452257 0.016352351823611146 0.05278467973186743
2 0.40017345231604207 0.8643308702842696 0.04066267401194459 0.11617222564545775
2 0.3765716449453476 0.7956878215151673 0.030923998100138926 0.08976457570107402
2 0.4645801380114934 0.7768159988423223 0.04058993882958326 0.11090906775072092
2 0.41085441954663227 0.6763031112142514 0.03397626291777787 0.08453203796323722
2 0.3941390450215975 0.653773934337896 0.032413762917777776 0.0845167278847872
2 0.5634533958952781 0.75278818882389 0.04869337955902786 0.1320382497219175
2 0.5729348858272919 0.5344896168199101 0.03404899810013902 0.08979519585797391
2 0.5105426821800696 0.42862936586562783 0.028925087005972294 0.058170318254203095
2 0.5812357354667015 0.34380731368484874 0.012863675911805572 0.02643827010128333
2 0.5175719725489237 0.25898438423106396 0.015988675911805573 0.02646889025818307
2 0.527672364741389 0.14199394666154333 0.008030705547083272 0.015866024076459956
2 0.5306882619678472 0.13412982997633785 0.0063954703647222996 0.010587556103273206
2 0.5337405267854862 0.12889729223850077 0.006322735182360972 0.005324398208536364
2 0.5367200564207639 0.11840159660592685 0.0063954703647222996 0.010587556103273206
2 0.5631916374428126 0.1120829205711538 0.0063954703647222996 0.010587556103273244
2 0.5638819684648612 0.1055116282419577 0.00632273518236115 0.005324398208536364
2 0.5710405050339931 0.11479104991077164 0.0063954703647222996 0.010587556103273244
2 0.5724211670780903 0.10164846525237942 0.0063954703647222996 0.010587556103273206