2 0.7776917763264659 0.34070993082932277 0.021039925705962935 0.04329992106155966
2 0.6812079182506225 0.5948160503030415 0.012909176959604095 0.02441938462087891
2 0.7590494249145401 0.42593132152513646 0.024210389812585654 0.046115293532569004
2 0.7532624261681813 0.4446740128230868 0.009556856426490689 0.011077696360396024
2 0.7498873735817566 0.45933149055725386 0.014426212852981379 0.021879702435330876
2 0.7384043043022844 0.4915537152584176 0.011255748746358662 0.019064329964321676
2 0.7350292517158596 0.5062111929925848 0.011210284639736123 0.016432751016953257
2 0.7308956811827463 0.5195988296339779 0.01125574874635884 0.019064329964321676
2 0.7267848427029442 0.5316706768016867 0.008039820533113407 0.013617378545944055
2 0.7126852387837359 0.5798202203297916 0.008039820533113407 0.013617378545944055
2 0.7085516682506225 0.5932078569711846 0.011210284639736123 0.016432751016953257
2 0.4240068351810968 0.4390642295671888 0.04704013605166182 0.1026650060927913
2 0.47065817781753394 0.22337917388028605 0.06035848997087001 0.150768601239986
2 0.6302832304039587 0.19953201996408004 0.050346992478152684 0.11337511540590577
2 0.3855544374509524 0.6319213803923581 0.016216033386094876 0.03512949393399337
2 0.3771699729486183 0.8913616486126985 0.011210284639736123 0.016432751016953406
2 0.39398539990822246 0.8667125220872687 0.008039820533113407 0.013617378545943906
2 0.40280647044133583 0.8530491951604146 0.009602320533113407 0.013709275307764444
2 0.3980280422280905 0.8585880433406126 0.008039820533113407 0.013617378545943906
1 0.4132809691876946 0.8340308135770029 0.027335389812585653 0.04629908705620964