1 0.346875 0.13815789473684212 0.11484375 0.07763157894736843
2 0.1109375 0.14342105263157895 0.03203125 0.038157894736842106
2 0.1875 0.11578947368421053 0.04140625 0.039473684210526314
2 0.3625 0.2855263157894737 0.04921875 0.04736842105263158
2 0.3234375 0.31973684210526315 0.06328125 0.06184210526315789
2 0.3875 0.5763157894736842 0.07265625 0.06578947368421052
2 0.50859375 0.6039473684210527 0.0484375 0.056578947368421055
2 0.51875 0.48157894736842105 0.0390625 0.046052631578947366
2 0.42890625 0.34078947368421053 0.0484375 0.05394736842105263
2 0.44140625 0.3131578947368421 0.04765625 0.04868421052631579
2 0.47109375 0.12236842105263158 0.02109375 0.019736842105263157
2 0.46796875 0.1 0.009375 0.018421052631578946
2 0.4484375 0.09210526315789473 0.021875 0.030263157894736843
2 0.4 0.08157894736842106 0.02109375 0.02368421052631579
2 0.61484375 0.6171052631578947 0.01484375 0.021052631578947368
2 0.61171875 0.525 0.025 0.03684210526315789
2 0.6609375 0.5184210526315789 0.015625 0.02236842105263158
2 0.72734375 0.5381578947368421 0.0078125 0.013157894736842105
2 0.73203125 0.5421052631578948 0.00546875 0.007894736842105263
2 0.734375 0.5473684210526316 0.0046875 0.006578947368421052
2 0.73984375 0.5526315789473685 0.00625 0.009210526315789473
2 0.74375 0.5947368421052631 0.00625 0.010526315789473684
2 0.74765625 0.5960526315789474 0.00390625 0.007894736842105263
2 0.74296875 0.6065789473684211 0.00546875 0.009210526315789473
2 0.74921875 0.6092105263157894 0.00625 0.009210526315789473