2 0.0546875 0.1394736842105263 0.03359375 0.030263157894736843
2 0.11015625 0.14342105263157895 0.03125 0.03289473684210526
2 0.18671875 0.11578947368421053 0.04140625 0.03684210526315789
2 0.33984375 0.015789473684210527 0.015625 0.014473684210526316
2 0.46796875 0.1 0.00859375 0.018421052631578946
2 0.4484375 0.09210526315789473 0.02109375 0.030263157894736843
2 0.39921875 0.08157894736842106 0.021875 0.02631578947368421
2 0.459375 0.09868421052631579 0.00390625 0.013157894736842105
2 0.54375 0.13289473684210526 0.00859375 0.014473684210526316
2 0.5359375 0.12894736842105264 0.00703125 0.010526315789473684
2 0.50859375 0.11973684210526316 0.00625 0.007894736842105263
2 0.50234375 0.11710526315789474 0.00703125 0.011842105263157895
2 0.49375 0.1118421052631579 0.00703125 0.010526315789473684
2 0.48515625 0.10789473684210527 0.00859375 0.011842105263157895
2 0.56640625 0.1763157894736842 0.01015625 0.013157894736842105
2 0.30703125 0.3171052631578947 0.053125 0.05789473684210526
2 0.3875 0.575 0.071875 0.06184210526315789
2 0.50859375 0.6 0.0484375 0.04868421052631579
2 0.615625 0.618421052631579 0.01484375 0.02236842105263158
2 0.75625 0.5710526315789474 0.0078125 0.013157894736842105
2 0.73984375 0.5526315789473685 0.00546875 0.009210526315789473
2 0.73515625 0.5473684210526316 0.00390625 0.009210526315789473
2 0.73203125 0.5434210526315789 0.00546875 0.009210526315789473
1 0.71953125 0.5302631578947369 0.02109375 0.03289473684210526