2 0.21442857601933601 0.8135889894248763 0.0110284035907962 0.02706638984987086
2 0.2515063952029809 0.7121614936953072 0.017323855386194253 0.04065319908739088
2 0.25491319633444903 0.6307970035772251 0.020457945745273952 0.04349923528509826
2 0.2589421661820239 0.5955387593506751 0.010992042154477666 0.01654007406039703
2 0.257329669207086 0.609905214936032 0.009402271077238834 0.008538108593122287
2 0.2693438558771736 0.5251831138353296 0.004723861436318444 0.010848001664982121
2 0.26372966013189975 0.5669130768051311 0.006304542154477666 0.01621838818488844
2 0.2653421571068376 0.5525466212197743 0.006295451795398144 0.013586809237520021
2 0.2669546540817755 0.5381801656344174 0.007848861436318444 0.011062458915321228
2 0.2741949823406067 0.4781363786582065 0.006286361436318444 0.0109552302901516
2 0.2758029341360048 0.4650857125465339 0.007857951795398143 0.0136940378626895
2 0.29931770218818154 0.44432572087144484 0.009447722872636889 0.02169600332996439
2 0.40110187422393795 0.839560704869474 0.03782725292686617 0.09731032910933125
2 0.5483995759211402 0.7272717745827756 0.042632927594901206 0.13184254130062917
2 0.55771146428843 0.5199667951791026 0.03468407220870695 0.0918327139642553
2 0.5630307442444634 0.33739374421250584 0.01572499394987581 0.03001965467274757
2 0.528692626561629 0.09813899488303414 0.006295451795397966 0.013586809237520096
2 0.5176551326117532 0.12633576292790027 0.006286361436318444 0.010955230290151675
2 0.5152795663549745 0.1353854463059355 0.004714771077238921 0.008216422717613775
2 0.5113505904572755 0.1416963221114328 0.006286361436318444 0.010955230290151712
1 0.5050233224050988 0.16363582866338636 0.02200226502711473 0.0383433060155309