2 0.2437201017635938 0.220360889209036 0.0169351944820761 0.04241147509129169
2 0.240578491632257 0.34549868457906463 0.01471759724103805 0.02132822231900461
2 0.24247186227904338 0.33097906857852877 0.01134693577564878 0.013372243090219926
2 0.2393911278828756 0.3073407898422225 0.024911468792335613 0.047827738952727
2 0.24898853516439337 0.49015897370097855 0.011510710085908293 0.01863540098495677
2 0.2493194058111797 0.47566997889378243 0.008221935775648781 0.013311000703540505
2 0.24694135628614955 0.424369500016768 0.008221935775648781 0.013311000703540654
2 0.2432055246489438 0.37967858970151436 0.009948210085908293 0.018604779791617208
2 0.24443715400215743 0.39413696331537085 0.008303822930778536 0.015942579650908926
2 0.24570972693293588 0.4099111264029115 0.009866322930778538 0.015973200844248785
2 0.2729140360689045 0.5305044400817635 0.013236984396167805 0.02392918007303347
2 0.4077549462910984 0.11576863204800425 0.05187676051544958 0.11147557278300428
2 0.5582230150380054 0.3037256453482928 0.06083568068726599 0.14847078401286068
2 0.5526424796464694 0.526339035947642 0.048424211894930555 0.10088801460685114
2 0.546202129126071 0.7213208475996228 0.019814533016686654 0.03457798063586599
2 0.4927982473980082 0.9646203372977655 0.009866322930778538 0.015973200844248487
2 0.48392121438132135 0.9305629169486748 0.008221935775648604 0.013311000703540805
2 0.48124991576080245 0.9200825329492105 0.008140048620519025 0.010679421756172383
2 0.478701447872978 0.913549517370799 0.008221935775648781 0.013311000703540505
1 0.4724138263216805 0.8873409020738037 0.027954581637205676 0.04525740239203808