2 0.44326383884525633 0.6307863323810499 0.04327877404661713 0.05304495106551524
2 0.4684672246874385 0.47047435768987456 0.05465278366526398 0.07420475319361171
2 0.34680055581296454 0.4969194055573771 0.020967264427970277 0.031777978388269526
2 0.5941219891154088 0.44012021659744416 0.08623016587924912 0.09030042844681996
2 0.9776462733288269 0.7110376892893597 0.01655258293962447 0.04488994288976217
2 0.9327603592636763 0.7277066152114325 0.03691964664195524 0.047720552856978765
2 0.8557787078123976 0.7848588132487185 0.049583337748948256 0.055737770326683
2 0.6337102456540128 0.9050761682791418 0.025709328130301044 0.03445548757098741
2 0.5803942726958548 0.9137661519276351 0.025818455534962936 0.039718645465724255
2 0.5671675863981855 0.9110044373134428 0.006631945916316084 0.018482292945378433
2 0.5600817726958548 0.9135671209077866 0.011319445916316085 0.018528223180728196
2 0.4760440785936373 0.8587853532112155 0.011319445916316085 0.018528223180728196
2 0.47492552269585475 0.9127327216322682 0.011264882213985139 0.015896644233359774
2 0.4834919908446894 0.9141327165374267 0.008085318511654194 0.01323444512909161
2 0.5132340545470202 0.911792029080606 0.008085318511654194 0.013234445129091311
2 0.5218278045470202 0.9118762345120803 0.00970238221398514 0.01588133415491005
2 0.5303942726958548 0.913276229417239 0.008085318511654194 0.013234445129091311
2 0.5382340545470201 0.9120369903358042 0.008085318511654194 0.013234445129091311
2 0.20404757142206115 0.5981730774442561 0.008085318511654283 0.01323444512909146
2 0.233407689208076 0.6142534426190144 0.008085318511654194 0.01323444512909146
2 0.22880203476157232 0.6102601439626121 0.008085318511654194 0.01323444512909161
2 0.22260659846390318 0.6075673247014441 0.008085318511654194 0.01323444512909161
1 0.2488962799522489 0.6209854907719342 0.025709328130301044 0.03445548757098771