1 0.13046875 0.5197368421052632 0.03125 0.056578947368421055
2 0.14296875 0.475 0.01484375 0.02631578947368421
2 0.14375 0.4486842105263158 0.01484375 0.019736842105263157
2 0.26328125 0.3368421052631579 0.028125 0.02894736842105263
2 0.33515625 0.14868421052631578 0.03125 0.035526315789473684
2 0.36640625 0.11315789473684211 0.0265625 0.03289473684210526
2 0.4171875 0.02368421052631579 0.02109375 0.017105263157894738
2 0.49609375 0.010526315789473684 0.02578125 0.019736842105263157
2 0.38203125 0.3447368421052632 0.04296875 0.035526315789473684
2 0.478125 0.4236842105263158 0.06484375 0.05394736842105263
2 0.63671875 0.3526315789473684 0.05078125 0.04868421052631579
2 0.54296875 0.49473684210526314 0.06953125 0.05
2 0.6984375 0.4868421052631579 0.05078125 0.05
2 0.86953125 0.3105263157894737 0.0140625 0.019736842105263157
2 0.88046875 0.31973684210526315 0.01171875 0.018421052631578946
2 0.890625 0.325 0.0109375 0.017105263157894738
2 0.93828125 0.3763157894736842 0.00546875 0.011842105263157895
2 0.9421875 0.3815789473684211 0.0046875 0.010526315789473684
2 0.946875 0.38421052631578945 0.00546875 0.009210526315789473