1 0.2956122944490618 0.2956715171624419 0.013264003954332715 0.03219151638396879
2 0.24533376874589927 0.5031552377385391 0.012882001977166357 0.01640204269975811
2 0.23981859779537218 0.537595477435159 0.019705004942915848 0.04039253773384784
2 0.23140391992476284 0.6273754461534592 0.01658000494291585 0.04023939547996095
2 0.37598956665500216 0.7793117154096197 0.04186384783255317 0.1177037518577971
2 0.3586548280237087 0.6894793808122025 0.0318521778706093 0.09092853562245205
2 0.3983340933467479 0.5653115382763995 0.0334146778706093 0.09100510674939558
2 0.38168776281440026 0.5437853996201459 0.03328734387822045 0.08574194885465874
2 0.5464877504571105 0.6342764995635112 0.045370849809719616 0.13364636779589453
2 0.5674607781374394 0.41245815671512925 0.03341467787060921 0.09100510674939558
2 0.5127361274528675 0.28765970946466896 0.026273339923887917 0.05385671697846389
2 0.5235754683653384 0.22667396691353447 0.022893671939110405 0.043177258935103234
2 0.5210526462359477 0.13742999608383855 0.014826503954332715 0.03226808751091224
2 0.5831096358558244 0.21718531672126182 0.013136669961943959 0.026928358489231946
2 0.5372307445627925 0.01704229939955596 0.008194501977166268 0.016172329318927838
2 0.5405467455513757 0.008994420303563773 0.006504667984777513 0.010832600297247533
2 0.5437990795437646 0.004497210151781886 0.006504667984777513 0.008994420303563773