2 0.02369313335454448 0.26337223583514047 0.039407945337363456 0.05038275196124708
2 0.09987382535009014 0.20885927178444788 0.047238626670908904 0.05309088130086485
2 0.31627043734086324 0.09651368847845522 0.0252363573360908 0.0344554875709876
2 0.36700623400699967 0.09043231865965533 0.025272720003181703 0.03971864546572444
2 0.38730964334022694 0.08931556020581961 0.011082950668363534 0.021159802128096542
2 0.38029657467377237 0.09187824380016356 0.006359088001272717 0.01585071399801005
2 0.43343066534054514 0.09371457594114375 0.007903406667727176 0.013234445129091535
2 0.42561816534054514 0.09363802554889436 0.007921588001272717 0.015866024076459956
2 0.41700623400699965 0.09092224117005157 0.007903406667727176 0.013234445129091535
2 0.40842157467377244 0.09215382521226143 0.007903406667727353 0.013234445129091535
2 0.4736289513446813 0.1454207724153 0.012627269334818081 0.018543533259177993
2 0.46389032467377245 0.09269733299723226 0.007903406667727353 0.013234445129091535
2 0.47171191534054513 0.09408967286316589 0.009484088001272716 0.01588133415490983
2 0.3623845580442252 0.5521978735305638 0.08499316534054513 0.09030042844681996
2 0.5072328866963624 0.373366207970891 0.04256930800445424 0.05567653001288366
2 0.6034362720400891 0.5032474911773864 0.01893181333545435 0.026499510415082812
2 0.7434158346992257 0.41120434560629693 0.007903406667727353 0.01323444512909146
2 0.7136101560311804 0.39380819095785446 0.007903406667727353 0.01323444512909161
2 0.7191152686982714 0.3991249341271658 0.007903406667727353 0.01323444512909161
2 0.723811859365044 0.4004866538361997 0.007903406667727176 0.01323444512909146
1 0.6995022026973168 0.3870914528833844 0.02523635733609062 0.03445548757098756