2 0.321875 0.31842105263157894 0.06015625 0.06315789473684211
2 0.4484375 0.09342105263157895 0.0234375 0.035526315789473684
2 0.4 0.08289473684210526 0.02109375 0.02763157894736842
2 0.2578125 0.09210526315789473 0.0375 0.030263157894736843
2 0.1875 0.11710526315789474 0.04140625 0.038157894736842106
2 0.353125 0.05394736842105263 0.021875 0.02368421052631579
2 0.4671875 0.1 0.009375 0.018421052631578946
2 0.47734375 0.10394736842105264 0.01015625 0.019736842105263157
2 0.525 0.14605263157894738 0.0125 0.02236842105263158
2 0.5359375 0.12894736842105264 0.00703125 0.011842105263157895
2 0.459375 0.2118421052631579 0.028125 0.04342105263157895
2 0.54765625 0.29078947368421054 0.021875 0.039473684210526314
2 0.41796875 0.37105263157894736 0.053125 0.05526315789473684
2 0.3296875 0.39210526315789473 0.06484375 0.07236842105263158
2 0.50859375 0.6 0.05 0.05263157894736842
2 0.3875 0.5763157894736842 0.07421875 0.06578947368421052
2 0.678125 0.5302631578947369 0.015625 0.021052631578947368
2 0.73125 0.5421052631578948 0.00859375 0.014473684210526316
2 0.73984375 0.5526315789473685 0.00703125 0.014473684210526316