2 0.5376521842544129 0.3080348405026908 0.06249209172016954 0.15238877651543867
2 0.5838396172910099 0.5270388747369599 0.04640344155801355 0.10703942761134508
2 0.6240088754086848 0.7234294851990652 0.019104556006354478 0.03494553447438576
2 0.3463238007313486 0.21760627003497124 0.05117276217486459 0.11511791649309949
2 0.21726577191739255 0.4534344386486553 0.023928423701106104 0.048287181250877234
2 0.2358833583625562 0.5423579668840355 0.025490923701106106 0.048348431930760306
2 0.24571232589515207 0.5743350436716962 0.014280688311602674 0.021603887697894883
2 0.2442861935899038 0.5611158982549711 0.009456820616851047 0.008262240921403555
2 0.2873037621781599 0.7089141742105852 0.011101141233702094 0.016218228443391894
2 0.28352024310343643 0.6969189422477197 0.007948867694751716 0.013464148136257324
2 0.25632254342774796 0.6063427457992987 0.011128414772652384 0.018849807390760313
2 0.260846402194046 0.6223159715231582 0.007976141233702095 0.016095727083625746
2 0.2661924212687694 0.6343724541659068 0.011101141233702094 0.016218228443391894
2 0.26997594034349287 0.6463676861287724 0.007948867694751716 0.013464148136257324
2 0.32209181940233034 0.7458186302974273 0.009593188311602673 0.02142013565824551
2 0.612083799516828 0.9691146126987144 0.007948867694751626 0.013464148136257324
2 0.6074644833642038 0.9623519132906441 0.007948867694751626 0.013464148136257324
2 0.6036127804421044 0.9569356286961996 0.007948867694751626 0.013464148136257324
1 0.592098581984232 0.9367394064918136 0.027053423701106104 0.048409682610643386