1 0.5796875 0.2 0.14921875 0.08157894736842106
2 0.61875 0.2644736842105263 0.05 0.04342105263157895
2 0.6984375 0.275 0.040625 0.04342105263157895
2 0.4890625 0.2802631578947368 0.053125 0.05263157894736842
2 0.45234375 0.2381578947368421 0.04765625 0.04078947368421053
2 0.4109375 0.3026315789473684 0.0484375 0.05131578947368421
2 0.41640625 0.02368421052631579 0.02265625 0.019736842105263157
2 0.54296875 0.49605263157894736 0.06796875 0.05131578947368421
2 0.36640625 0.1118421052631579 0.02421875 0.03289473684210526
2 0.33515625 0.14868421052631578 0.03046875 0.034210526315789476
1 0.31640625 0.2355263157894737 0.103125 0.1763157894736842
1 0.09921875 0.5236842105263158 0.02109375 0.025
1 0.11328125 0.5105263157894737 0.02421875 0.034210526315789476
2 0.84921875 0.33421052631578946 0.0203125 0.02631578947368421
2 0.86796875 0.3118421052631579 0.01484375 0.02236842105263158
2 0.87890625 0.31973684210526315 0.01171875 0.019736842105263157
2 0.89140625 0.32894736842105265 0.01484375 0.02368421052631579