2 0.7945592526860871 0.7506991170892934 0.01991439371369381 0.04247271747797126
2 0.7357556792790543 0.4878465124459255 0.013082196856846907 0.021297601125665047
2 0.7654067919755014 0.48711252564569546 0.00981164764263518 0.015973200844248785
2 0.7674059396181365 0.5029326205232457 0.006541098428423453 0.010648800562832524
2 0.7889963033480409 0.6624799799657718 0.02303939371369381 0.042533959864650375
2 0.7853254937947469 0.6426818954738293 0.009520549214211726 0.005446885054775102
2 0.7849252334556647 0.628208211263303 0.013009422249740865 0.01866602217829648
2 0.7734397698495948 0.5517086946295806 0.006541098428423453 0.010648800562832524
2 0.7808905508668416 0.5952522320345183 0.00824914764263518 0.015942579650908926
2 0.7781101532242064 0.5794168265602982 0.008103598428423453 0.010679421756172085
2 0.7745485055815713 0.5635661104894083 0.008176373035529316 0.013311000703540505
2 0.603767278740935 0.6562197896076494 0.03990156203449331 0.08757701390331063
2 0.4662073126536658 0.5101806249455263 0.04004711124870504 0.09284017179804747
2 0.4793516296505579 0.7313710518945022 0.04753427956950453 0.13769949867666947
2 0.4585146290313853 0.31671364052393786 0.014863020678164317 0.02922295916110987
2 0.49062715405277596 0.06616338088374606 0.009738873035529139 0.01334162189688029
2 0.5032191993380463 0.09797198720221482 0.006541098428423453 0.010648800562832449
2 0.5050000231593638 0.1058973452376598 0.006468323821317412 0.008017221615464028
2 0.5099058469806813 0.11388394565978416 0.006541098428423453 0.010648800562832449
1 0.5183733184446341 0.13772126215279842 0.0246746683207995 0.04519616000535858