2 0.90268473079967 0.10825143345767214 0.04599446159934004 0.04391857278060399
2 0.8476024257059629 0.12517869781245 0.038318353919208195 0.05104694952441998
2 0.7623325154394062 0.11024642537267608 0.04773881802583091 0.054598160589735524
2 0.5307331744523216 0.1124855304534852 0.023983069279472247 0.03387802766328882
2 0.4618384219450392 0.14250703084186872 0.011346676959604096 0.024757114663920724
2 0.4688469398917278 0.14188096545664483 0.006477320533113407 0.013770982815473518
2 0.47960258346523715 0.1324275538047761 0.025727425705962936 0.044557615472420355
2 0.3839778463973609 0.19529310963862093 0.011255748746358752 0.019493956769183883
2 0.3908954361308042 0.1894038863586602 0.0047784282132453445 0.00572297395371044
2 0.41946070533113405 0.1725025766170673 0.00643185642649069 0.011139403868105097
2 0.42561977711788873 0.16785250680096184 0.009602320533113407 0.014077526854789187
2 0.434881116851332 0.1621931915504879 0.009602320533113407 0.014077526854789225
2 0.44257995658477534 0.1563806042803561 0.009647784639736123 0.016709105802157648
2 0.6619413735152495 0.34866141058191585 0.06225595909205772 0.08229339824034038
2 0.6030617816702353 0.6423772577759439 0.08435827962517113 0.09759710125239235
2 0.47680917022917957 0.6930434829106712 0.057386602665567034 0.0713072663918931
2 0.36515025620169916 0.7306921080216217 0.019204641066226814 0.0281550537095783
2 0.2095451138818311 0.7075468052235603 0.009647784639736123 0.01670910580215772
2 0.2247154728156043 0.6827637359464545 0.008039820533113407 0.013924254835131634
2 0.2285080625490476 0.6765679686271782 0.00643185642649069 0.011139403868104948
2 0.23230065228249092 0.6703722013079018 0.008039820533113407 0.013924254835131334
1 0.24372388558944347 0.6544164782974409 0.025727425705962936 0.04455761547242039
2 0.35370532468974847 0.24880661661388495 0.011164820533113406 0.014230798874447117