2 0.27438621339908786 0.7947078190783875 0.03312158267027261 0.04731076505132287
2 0.2474691773949517 0.7454756815134183 0.03784544533736352 0.052941626224068276
2 0.3749032867202248 0.6354251252478516 0.05830339600572696 0.07558763867438613
2 0.3586692120464524 0.5484929081043711 0.07561816534054513 0.09535693665866302
2 0.5143555907065436 0.454657184802332 0.08028748400699967 0.09309306098930317
2 0.5144748640594973 0.6982008051932472 0.08032384667409058 0.09835621888404017
2 0.3134401700747693 0.9035470142378089 0.02514545066836362 0.02301371572832642
2 0.6173913260661787 0.7730673537988326 0.05514203333863606 0.07007934526097691
2 0.7609407840547247 0.6196245729023411 0.023764764003817974 0.04920693744267429
2 0.946578839393679 0.6748371355262667 0.009465906667727352 0.01389330129285925
2 0.9333066800604517 0.6771947509543085 0.011046588001272539 0.01664744799956386
2 0.8507032653962243 0.713954000093863 0.020512494668999893 0.03054074929242281
2 0.826820870066815 0.7645380108898896 0.02053067600254508 0.033172328239791236
2 0.8408651887332697 0.7608033221084954 0.01580681333545435 0.02754146706704612
2 0.8525566667329514 0.7559366954924216 0.015806813335454705 0.02754146706704612
2 0.8595879167329515 0.7553851405754087 0.00793976933481808 0.0190338914282599
1 0.06205619935549898 0.270281141265557 0.028379538669636228 0.03904832493120918