2 0.962026366462915 0.2544054278299075 0.03560330732694652 0.04284566864299901
2 0.878190277023793 0.2133872739459361 0.04497830732694652 0.04376530076094621
2 0.7549309187014785 0.4072446436827554 0.05977779172311415 0.06882895946418265
2 0.7121281857756487 0.08297329969099326 0.012581887155129756 0.0038577551046312477
2 0.6484684774987628 0.13969376960220561 0.02269387155129756 0.02846159774889412
2 0.595589138964152 0.14237725777594396 0.022857645861557075 0.03372475564363096
2 0.5840751068519764 0.1478066649969311 0.006659435775648781 0.013770982815473518
2 0.5754813568519765 0.14696366888881293 0.010030097241038049 0.02197226369689449
2 0.5562367118949305 0.1542582949588793 0.00978443577564878 0.014077526854789225
2 0.5469435990500603 0.1559702417883006 0.008140048620519025 0.011292675887762914
2 0.537691429782755 0.15899797809140612 0.008221935775648781 0.013924254835131373
2 0.5307420669378847 0.1609398329503142 0.006577548620519025 0.011139403868105097
2 0.49287025271353346 0.17034256320553895 0.00978443577564878 0.014077526854789225
2 0.5006418091359686 0.16979313383014397 0.0048512743102595126 0.00572297395371044
2 0.45914702792830414 0.2129465743421847 0.009702548620519025 0.011445947907420805
2 0.6681756264125376 0.6728950504836265 0.08337906603337367 0.07639119765378717
2 0.5367585300760107 0.6796804069278012 0.0564071302577247 0.060627678582761746
2 0.42154296585165946 0.6814961722099625 0.016443871551297562 0.02784850967026267
2 0.26891925486124 0.6074948959971903 0.008221935775648781 0.013924254835131334
2 0.2862738511977669 0.5895206821179925 0.006577548620519025 0.011139403868105097
2 0.29153788330994257 0.5834781868183739 0.006495661465389269 0.008507824920736677
2 0.294499108999683 0.5785215729629527 0.006577548620519025 0.011139403868105097
1 0.30815217322403426 0.5667431264030313 0.0230214201718165 0.03898791353836792