1 0.6003636143631847 0.09938408776998196 0.02979658430895533 0.03186983885896883
2 0.6059005420562819 0.11906734460067053 0.012554542154477665 0.01591195431180957
2 0.5503454336450255 0.09461085238564136 0.017251132513557366 0.01858946349452764
2 0.526826120413309 0.0711562930360738 0.018822722872636886 0.02123635252034597
2 0.5072312378997517 0.0529266163851184 0.011019313231716588 0.02379138107546496
2 0.4962801023611322 0.04908641851321494 0.009447722872636889 0.02114449204964667
2 0.4759448764634332 0.04270650216464236 0.02512726502711473 0.03708706651835602
2 0.7078589935570923 0.4588693182248636 0.02198408430895533 0.031793288466719395
2 0.750196484481906 0.5018769987382957 0.015706813231716587 0.02383731131081465
2 0.7885368218159235 0.5186071649741684 0.009429542154477666 0.015881334154909752
2 0.7987248880727023 0.5277181757800335 0.007867042154477666 0.015866024076460032
2 0.4168254482793567 0.569619384697872 0.0877727107723885 0.07980473281424601
2 0.5481618066906131 0.5933333381080819 0.06273634933607006 0.06903345576957425
2 0.5059919665279251 0.37268642360805637 0.05491475897699054 0.06632532642995646
2 0.43400333703942984 0.3404959503746457 0.06587043969514958 0.0716956548738424
2 0.3463760720123153 0.30451120950468125 0.06587953005422928 0.0743272338212109
2 0.3618914668225127 0.04645571683885221 0.02823408430895542 0.03185452878051894
2 0.2689272620020525 0.04868245598030443 0.04385908430895542 0.032007629565017764
2 0.19246930113146815 0.0796958077190855 0.047029536104353474 0.04519614445875963
2 0.10819429508134396 0.10946992037643179 0.03918067466803503 0.03459327827703655