2 0.05703125 0.1368421052631579 0.0359375 0.030263157894736843
2 0.11015625 0.14342105263157895 0.03046875 0.03289473684210526
2 0.18671875 0.11578947368421053 0.040625 0.034210526315789476
2 0.33984375 0.015789473684210527 0.01328125 0.015789473684210527
2 0.54375 0.13421052631578947 0.00859375 0.011842105263157895
2 0.5375 0.13157894736842105 0.00390625 0.007894736842105263
2 0.4 0.08157894736842106 0.02109375 0.02236842105263158
2 0.4484375 0.09210526315789473 0.021875 0.030263157894736843
2 0.459375 0.09868421052631579 0.00390625 0.013157894736842105
2 0.4671875 0.09868421052631579 0.009375 0.019736842105263157
2 0.50859375 0.11973684210526316 0.00546875 0.007894736842105263
2 0.50234375 0.11710526315789474 0.00703125 0.011842105263157895
2 0.49375 0.11315789473684211 0.00703125 0.010526315789473684
2 0.4859375 0.10789473684210527 0.0078125 0.011842105263157895
2 0.57890625 0.17894736842105263 0.0078125 0.010526315789473684
2 0.30390625 0.3157894736842105 0.05234375 0.05526315789473684
2 0.3875 0.575 0.07265625 0.06184210526315789
2 0.50859375 0.6 0.04921875 0.05
2 0.615625 0.618421052631579 0.0171875 0.021052631578947368
2 0.75625 0.5710526315789474 0.00625 0.011842105263157895
2 0.73125 0.5421052631578948 0.00625 0.009210526315789473
2 0.73515625 0.5473684210526316 0.00546875 0.007894736842105263
2 0.73984375 0.5526315789473685 0.00625 0.009210526315789473
1 0.71953125 0.5289473684210526 0.0203125 0.030263157894736843