2 0.24008686369448165 0.7254269276505854 0.016498019237293705 0.04225836394239345
2 0.30176342975906517 0.4589791205930299 0.012936509618646851 0.02117511220654634
2 0.2720213660567343 0.45663843313620917 0.00970238221398514 0.015881334154909752
2 0.269196466419554 0.4711427375036352 0.006468254809323426 0.01058755610327317
2 0.2632019267638403 0.5212116328566597 0.006468254809323426 0.01058755610327317
2 0.2603497452754946 0.5344001477504016 0.00970238221398514 0.015881334154909752
2 0.2583060956383143 0.5488967970786027 0.008085318511654283 0.01323444512909146
2 0.25550847785229946 0.564716890919713 0.00970238221398514 0.015881334154909752
2 0.25074905598260055 0.5989810025100771 0.012827382213985139 0.015911954311809494
2 0.25026790634542023 0.6134623417598283 0.00953869110699257 0.00798659731280449
2 0.2460169159640671 0.6345609035741254 0.022693455534962846 0.03968802530882466
2 0.43458090815951883 0.6840394836338236 0.04102679328391083 0.09511959406651038
2 0.5673041281224519 0.7538060686229809 0.04658731252120454 0.13727078745975457
2 0.5821701815731638 0.5286146926423575 0.03779266587924894 0.08982581601487351
2 0.5905233401960187 0.32849221201475837 0.016225200725639332 0.029100469205551493
2 0.5569146881117677 0.06429410921632994 0.00970238221398514 0.01588133415490983
2 0.5442609206885726 0.09468740277789077 0.006468254809323426 0.010587556103273206
2 0.5375570529025577 0.11054577181512577 0.008085318511654194 0.013234445129091535
2 0.5413268936467305 0.10392854925058001 0.006468254809323426 0.010587556103273244
1 0.5302356262235354 0.13430653273369098 0.022638891832631992 0.03705644636145624