2 0.428125 0.15726777658442936 0.04375 0.10606347620878147
2 0.23984375 0.15302467737389325 0.009375 0.0296827749770697
2 0.26796875 0.26838879177878655 0.01875 0.043576076269928876
2 0.265625 0.35636283487662446 0.021875 0.04382121178860126
2 0.26640625 0.390634645072082 0.0125 0.019401594706268472
2 0.26796875 0.3749677391472077 0.0078125 0.011139154586154639
2 0.26875 0.42108165460582314 0.009375 0.019156459187596092
2 0.26875 0.4381869177637179 0.0078125 0.01377073353352306
2 0.27109375 0.4515286641395643 0.009375 0.01652488024022767
2 0.271875 0.4647478427560744 0.00625 0.011016586826818447
2 0.2734375 0.5280283052522527 0.009375 0.019156459187596092
2 0.2734375 0.5161861999890948 0.0046875 0.008262440120113835
2 0.2953125 0.5942179380934856 0.0078125 0.0190338914282599
2 0.57109375 0.36190377919526884 0.05 0.13813269461454727
2 0.56484375 0.5758871923684504 0.040625 0.10055518279537223
2 0.55625 0.7620551749552592 0.0171875 0.03292719272111885
1 0.4828125 0.9207681744769852 0.025 0.04669792625464221
2 0.49375 0.9610998330028647 0.0078125 0.01377073353352306
2 0.4921875 0.9504509494540548 0.0046875 0.008262440120113835
2 0.48828125 0.9435655826872933 0.0078125 0.01377073353352276
2 0.503125 0.9932644100802707 0.0078125 0.01347117983945862