1 0.50859375 0.02236842105263158 0.06484375 0.04342105263157895
2 0.28671875 0.29210526315789476 0.0359375 0.06184210526315789
2 0.334375 0.15 0.03125 0.03684210526315789
2 0.22109375 0.5197368421052632 0.0171875 0.04342105263157895
1 0.1 0.4486842105263158 0.015625 0.02631578947368421
2 0.5421875 0.49605263157894736 0.0671875 0.05131578947368421
2 0.68671875 0.34342105263157896 0.04765625 0.04736842105263158
2 0.79296875 0.41973684210526313 0.0203125 0.034210526315789476
2 0.79296875 0.38026315789473686 0.0265625 0.034210526315789476
2 0.76015625 0.3671052631578947 0.0328125 0.042105263157894736
2 0.8125 0.27631578947368424 0.02265625 0.02894736842105263
2 0.94140625 0.45789473684210524 0.01328125 0.015789473684210527
2 0.86796875 0.3118421052631579 0.0140625 0.019736842105263157
2 0.8796875 0.31973684210526315 0.0125 0.021052631578947368
2 0.89140625 0.32894736842105265 0.01484375 0.021052631578947368