2 0.1109375 0.14210526315789473 0.03359375 0.030263157894736843
2 0.1875 0.11578947368421053 0.04140625 0.035526315789473684
2 0.02890625 0.4131578947368421 0.0390625 0.060526315789473685
2 0.103125 0.22236842105263158 0.04765625 0.05
2 0.4 0.08289473684210526 0.021875 0.02368421052631579
2 0.4484375 0.09210526315789473 0.02265625 0.031578947368421054
2 0.4671875 0.1 0.00859375 0.019736842105263157
2 0.55859375 0.15526315789473685 0.009375 0.015789473684210527
2 0.32421875 0.31973684210526315 0.0640625 0.060526315789473685
2 0.36171875 0.28421052631578947 0.04921875 0.04736842105263158
2 0.428125 0.34210526315789475 0.0484375 0.05394736842105263
2 0.4453125 0.3171052631578947 0.04609375 0.04868421052631579
2 0.3875 0.575 0.0734375 0.06447368421052632
2 0.50859375 0.6 0.05 0.05131578947368421
2 0.67734375 0.5289473684210526 0.015625 0.021052631578947368
2 0.61484375 0.6171052631578947 0.01328125 0.019736842105263157
2 0.73515625 0.6052631578947368 0.0078125 0.014473684210526316
2 0.73984375 0.5907894736842105 0.00625 0.010526315789473684
2 0.74609375 0.5947368421052631 0.00546875 0.010526315789473684
2 0.75 0.6105263157894737 0.00625 0.011842105263157895
2 0.73984375 0.5539473684210526 0.00546875 0.009210526315789473
2 0.72734375 0.5381578947368421 0.0078125 0.013157894736842105
2 0.7328125 0.5434210526315789 0.0046875 0.009210526315789473
2 0.734375 0.5486842105263158 0.003125 0.007894736842105263