2 0.2889834948282043 0.7750642320295098 0.0215496683207995 0.04573226675552836
2 0.2758006364749834 0.4963848625527594 0.011446922249741042 0.01895705052018331
2 0.27612812220695976 0.5082269678159173 0.006613873035529317 0.013464179244615898
2 0.2776927762597357 0.5648059151843384 0.008176373035529316 0.013540750371559421
2 0.278837899295265 0.5779255243577087 0.009884422249741042 0.018880479393239787
2 0.2776756596343472 0.5924757796951785 0.008321922249741043 0.018803908266296264
2 0.27814869458053526 0.6095810428530732 0.008321922249741043 0.018803908266296264
2 0.2783499017764644 0.6451456442060187 0.014644696856846906 0.02174177172143848
2 0.2810939121155466 0.6595044717261298 0.011228598428423452 0.011062313678077897
2 0.28014999627594633 0.6819494639057049 0.02787244292790545 0.04867013021067058
2 0.29429377129733697 0.42959996421828395 0.009957196856846906 0.02151205834060821
2 0.4694201656302033 0.8782155143845848 0.05312930810555194 0.11560817079903304
2 0.6093280740262054 0.6473719034890553 0.06352315260503386 0.1529097028238515
2 0.5865176586008899 0.41659695295354054 0.04807793507002263 0.10222056268136037
2 0.5630180384608447 0.21747752091339034 0.01806079528527036 0.032421229764799206
2 0.4814148198923761 0.010664904780674618 0.008176373035529316 0.013540750371559418
2 0.4801434183207996 0.021267791697091764 0.008103598428423453 0.010909171424191
2 0.47720035483856427 0.027999881319399744 0.008176373035529316 0.013540750371559421
1 0.47331337551672864 0.057176963121282766 0.027799668320799498 0.04603855126330202