2 0.33540429103444414 0.5204647978783399 0.08728310087368066 0.10410964781612148
2 0.29111269642902765 0.2242643984177615 0.0636273953265972 0.08648165774186824
2 0.5632188600886454 0.637973653045395 0.022347778685347208 0.03592647494649599
2 0.45547974848138856 0.5846500070561017 0.06035692496187508 0.07571020643372232
2 0.4228919861322916 0.01217181333150274 0.025472778685347208 0.02434362666300548
2 0.47247375883371523 0.03259881102640035 0.030305749050069507 0.047065629532650595
2 0.482484538468993 0.04232843638018886 0.006468205547083272 0.016279744721555252
2 0.491005553286632 0.046917471598576704 0.012827308320624908 0.02466475260100524
2 0.5800121954790971 0.15691380471497293 0.012718205547083273 0.016770015758899977
2 0.5643332973027082 0.10556918724063445 0.011192073138263935 0.019279026946932207
2 0.5573929662806597 0.0995417947892262 0.007994337955902786 0.013770733533523021
2 0.5079748477395485 0.061358699930089244 0.009556837955902786 0.013893301292859175
2 0.5164776787615971 0.0672635246221613 0.007994337955902786 0.013770733533523021
2 0.5241810759880555 0.07454542266758565 0.011155705547083273 0.016647447999563785
2 0.5303401570101041 0.08063409899866199 0.007994337955902786 0.013770733533523002
1 0.6826780281166663 0.577342713862161 0.027180749050069508 0.0468204940139781
2 0.6941422049784024 0.5948445082987186 0.007994337955902786 0.01377073353352306
2 0.696395036000451 0.6012396040281354 0.0048329703647223 0.010894019067482257
2 0.7009552494313191 0.6100824270659163 0.007994337955902786 0.01377073353352306
2 0.7154535073151038 0.6339180333522226 0.008067073138263936 0.0190338914282599