2 0.0546875 0.13815789473684212 0.03984375 0.030263157894736843
2 0.11171875 0.1394736842105263 0.03359375 0.03289473684210526
2 0.1875 0.11578947368421053 0.04140625 0.034210526315789476
2 0.340625 0.015789473684210527 0.0125 0.015789473684210527
2 0.4 0.08157894736842106 0.0203125 0.025
2 0.540625 0.18157894736842106 0.01015625 0.019736842105263157
2 0.54375 0.13289473684210526 0.00859375 0.013157894736842105
2 0.53671875 0.13026315789473683 0.00546875 0.010526315789473684
2 0.509375 0.11973684210526316 0.00546875 0.009210526315789473
2 0.5015625 0.11710526315789474 0.00703125 0.011842105263157895
2 0.49375 0.1118421052631579 0.00703125 0.010526315789473684
2 0.48671875 0.10921052631578948 0.00703125 0.010526315789473684
2 0.4484375 0.09342105263157895 0.02109375 0.031578947368421054
2 0.46015625 0.09868421052631579 0.00390625 0.013157894736842105
2 0.4671875 0.1 0.009375 0.018421052631578946
2 0.3875 0.575 0.07265625 0.06184210526315789
2 0.46796875 0.40131578947368424 0.04453125 0.05
2 0.509375 0.6013157894736842 0.05 0.05394736842105263
2 0.61484375 0.6171052631578947 0.01640625 0.02236842105263158
2 0.75625 0.5710526315789474 0.0078125 0.011842105263157895
2 0.73984375 0.5526315789473685 0.00625 0.009210526315789473
2 0.73515625 0.5473684210526316 0.0046875 0.006578947368421052
2 0.73125 0.5421052631578948 0.00546875 0.010526315789473684
1 0.71875 0.5289473684210526 0.0203125 0.031578947368421054