2 0.7186498314147393 0.3324646551697568 0.011574536831702887 0.019064329964321676
2 0.7239288656156063 0.3498456086131127 0.011574536831702887 0.019064329964321676
2 0.6856777076948637 0.3935548727656402 0.019751057878390377 0.03005012956289731
2 0.7319310814147393 0.3332457776452301 0.011574536831702887 0.019064329964321676
2 0.35499612606836284 0.45814544043277666 0.1007882262518895 0.11885549396970628
2 0.4769474498023559 0.37733928664156563 0.07019067363517095 0.09079366602143452
2 0.4827941733528224 0.614043546761993 0.06697466837349922 0.08797829355042532
2 0.41861755226378267 0.6746116185951528 0.07662268415851478 0.09642441096345321
2 0.3431317048522663 0.7463325699778175 0.07845819994353027 0.10441104456737872
2 0.46876030738428015 0.9296784617307615 0.04391659997176518 0.05248121256915068
1 0.5559039916133821 0.9019758919315082 0.06826415258848365 0.08017545347014059
2 0.2451176810335686 0.9711194858697931 0.06330363680346807 0.05776102826041372
2 0.5210053468468191 0.9524478969760973 0.03132559471009344 0.049114459527219136
2 0.5392548179076239 0.9390769739074157 0.013228042093374803 0.021787805673510487
2 0.5800926495341248 0.8574395569225972 0.024529563140062292 0.03295739879572705
2 0.6184726100715858 0.8400001338628439 0.01800654735504672 0.02469507490634023