2 0.05859375 0.1368421052631579 0.0328125 0.02894736842105263
2 0.11015625 0.14342105263157895 0.03203125 0.034210526315789476
2 0.1875 0.11578947368421053 0.03984375 0.034210526315789476
2 0.340625 0.014473684210526316 0.0140625 0.018421052631578946
2 0.4 0.08157894736842106 0.02109375 0.025
2 0.4671875 0.1 0.009375 0.018421052631578946
2 0.4484375 0.09210526315789473 0.02109375 0.031578947368421054
2 0.459375 0.09868421052631579 0.003125 0.014473684210526316
2 0.54375 0.13289473684210526 0.00859375 0.014473684210526316
2 0.53671875 0.13026315789473683 0.0046875 0.011842105263157895
2 0.50859375 0.11973684210526316 0.00546875 0.009210526315789473
2 0.50234375 0.11710526315789474 0.00703125 0.011842105263157895
2 0.49375 0.1118421052631579 0.00703125 0.010526315789473684
2 0.4859375 0.10789473684210527 0.00703125 0.011842105263157895
2 0.5375 0.19342105263157894 0.01171875 0.02236842105263158
2 0.54921875 0.45 0.03515625 0.04078947368421053
2 0.3875 0.575 0.071875 0.06315789473684211
2 0.50859375 0.6013157894736842 0.04921875 0.05394736842105263
2 0.75625 0.5710526315789474 0.00703125 0.013157894736842105
2 0.73984375 0.5526315789473685 0.00625 0.009210526315789473
2 0.734375 0.5473684210526316 0.0046875 0.010526315789473684
2 0.73046875 0.5421052631578948 0.00546875 0.010526315789473684
1 0.71796875 0.5289473684210526 0.01953125 0.034210526315789476
2 0.615625 0.618421052631579 0.01484375 0.02236842105263158