1 0.10390625 0.5223684210526316 0.0203125 0.02236842105263158
1 0.12734375 0.46842105263157896 0.01796875 0.02236842105263158
1 0.12421875 0.4986842105263158 0.02421875 0.025
2 0.33515625 0.14868421052631578 0.03125 0.035526315789473684
2 0.365625 0.11315789473684211 0.0265625 0.030263157894736843
2 0.41640625 0.02368421052631579 0.0203125 0.017105263157894738
2 0.43828125 0.29078947368421054 0.04765625 0.05
2 0.57421875 0.2736842105263158 0.06875 0.056578947368421055
2 0.54296875 0.49605263157894736 0.06796875 0.04868421052631579
2 0.6625 0.4 0.0484375 0.04868421052631579
2 0.63203125 0.056578947368421055 0.01953125 0.02631578947368421
2 0.69453125 0.14473684210526316 0.0359375 0.04342105263157895
2 0.8671875 0.3105263157894737 0.0140625 0.02236842105263158
2 0.8796875 0.31842105263157894 0.0125 0.019736842105263157
2 0.89140625 0.32763157894736844 0.01328125 0.021052631578947368