2 0.109375 0.14078947368421052 0.0328125 0.035526315789473684
2 0.18671875 0.11578947368421053 0.04375 0.03684210526315789
2 0.2578125 0.09210526315789473 0.03984375 0.030263157894736843
2 0.26328125 0.15789473684210525 0.04921875 0.04736842105263158
2 0.325 0.32894736842105265 0.0578125 0.06184210526315789
2 0.40625 0.3671052631578947 0.05546875 0.05789473684210526
2 0.4734375 0.3986842105263158 0.046875 0.05394736842105263
2 0.50859375 0.6 0.05 0.05394736842105263
2 0.44921875 0.09342105263157895 0.02109375 0.034210526315789476
2 0.46796875 0.1 0.009375 0.02236842105263158
2 0.478125 0.10394736842105264 0.01015625 0.019736842105263157
2 0.46015625 0.09868421052631579 0.0046875 0.014473684210526316
2 0.49609375 0.12368421052631579 0.01796875 0.019736842105263157
2 0.73984375 0.5539473684210526 0.0078125 0.011842105263157895
2 0.73046875 0.5421052631578948 0.00859375 0.013157894736842105
2 0.740625 0.6026315789473684 0.00703125 0.013157894736842105
2 0.3875 0.5763157894736842 0.075 0.06710526315789474