2 0.07946017946688659 0.011066936546036828 0.03795464106622681 0.022133873092073656
2 0.1362641089337732 0.019609522769874734 0.03666492570596289 0.03921904553974947
2 0.21604253714701854 0.014404456818438278 0.046039925705962936 0.028808913636876557
2 0.5009798268013196 0.04447336542905791 0.011346676959604096 0.024434810902502293
2 0.48245714733443296 0.03260221419424982 0.025636497492717503 0.03855776326586991
2 0.43442882429403706 0.014417889710585184 0.023983069279472247 0.02883577942117037
2 0.49323552296125356 0.04106214013385279 0.004914820533113406 0.013479580612350607
2 0.5742665626155545 0.09332737415455923 0.011255748746358662 0.01917165300776545
2 0.5665677228821113 0.08728456991198567 0.008039820533113407 0.013694037862689612
2 0.5402780075218474 0.07331798285565667 0.008039820533113407 0.013694037862689612
2 0.5349001857350928 0.0684301251490131 0.008039820533113407 0.013694037862689612
2 0.5264200960016494 0.0624409352190243 0.009602320533113407 0.01380126648785911
2 0.5179400062682061 0.0564517452890355 0.011164820533113406 0.013908495113028607
2 0.5921527445897237 0.1420406306525252 0.011210284639736123 0.01654007406039703
2 0.3143627137109113 0.23207272888647434 0.06064799498543501 0.07775889828275681
2 0.36646110814235033 0.5136851998572612 0.08109688730530315 0.08704760725206567
2 0.48655464779665136 0.5632697182487301 0.05577863855894431 0.06691089661777462
2 0.5919862938774431 0.6033465927898356 0.017596676959604096 0.024863725403180357
2 0.7398244003039338 0.582687171921844 0.009647784639736123 0.01643284543522755
2 0.7245858452102266 0.5613910371209074 0.008039820533113407 0.01369403786268965
2 0.7200120054767833 0.5551337756279949 0.0064318564264908675 0.01095523029015175
2 0.7185404336900287 0.5499778463584276 0.008039820533113407 0.0136940378626895
1 0.7071172003830761 0.5336767978893041 0.02568196159934022 0.04118934221323828