2 0.7670757843849304 0.2266626576399974 0.013118249050069508 0.0448593227328622
2 0.7684005886214929 0.35689519537783443 0.014317073138263936 0.018558843337627938
2 0.769381860372986 0.3424138561280832 0.006359102773541636 0.007955977155904747
2 0.770490418693611 0.3187219905625425 0.022493249050069507 0.0449511832035615
2 0.7577338859242012 0.5069794008093088 0.0112284407294446 0.021159802128096615
2 0.7587151576756942 0.4924980615595576 0.007994337955902786 0.01323444512909161
2 0.7618044432948956 0.4385277280208301 0.0063954703647222996 0.01058755610327317
2 0.7612232150463887 0.4240616988495288 0.008030705547083272 0.015866024076460032
2 0.763785170593472 0.4082492600476434 0.007994337955902786 0.01323444512909161
2 0.7647846261405553 0.3924521313242079 0.008067073138263936 0.018497603023828302
2 0.7337145044653122 0.5493143151439518 0.0112284407294446 0.021159802128096615
2 0.5984725611704166 0.1046472456647188 0.04687630642076392 0.11360188701188867
2 0.43962227840100676 0.2943361482465492 0.058286585106111136 0.14791958387682738
2 0.44347136417270805 0.5245304107882616 0.04200696846486114 0.10039806203969695
2 0.44690287585621497 0.7284165388955146 0.017623911094166545 0.03174735823136979
2 0.4988439695117009 0.9831361890052807 0.011119337955902786 0.013265065285991353
2 0.5086917481970481 0.9488338022187918 0.008030705547083272 0.015866024076459734
2 0.5143968875397218 0.9316749537863226 0.009556837955902786 0.013249755207541332
2 0.5111809685617704 0.9382845213116434 0.007994337955902786 0.01323444512909161
1 0.5217918134515273 0.9052902689596138 0.025618249050069507 0.0449818033604614