2 0.8066667284852717 0.7038991149546872 0.009920637023308388 0.027143280725521746
2 0.751383973042976 0.49127609607757894 0.011264882213985139 0.01675488014468765
2 0.7567535193221117 0.5237570872937655 0.01951389183263199 0.038497087766832964
2 0.7647222759455337 0.6061001633013123 0.01638889183263199 0.03822125734955379
2 0.7524653234057956 0.5056808226837854 0.007921627404661713 0.005952733937934789
2 0.7291791016287641 0.3640526677645211 0.00970238221398514 0.016616964936048063
2 0.7310417019915838 0.3783884367664078 0.006468254809323426 0.011077976624032041
2 0.7382192849312084 0.4225736180371127 0.004905754809323426 0.010940061415392452
2 0.7400273215916972 0.43427780809163097 0.006468254809323426 0.011077976624032041
2 0.7434251401033515 0.4471598724111939 0.006468254809323426 0.011077976624032041
2 0.7453150223173366 0.46281143088676485 0.006577382213985139 0.016341134518768882
2 0.7026066779449667 0.3281703739702321 0.00813988221398514 0.016479049727408473
2 0.6273438162342195 0.7750914794472958 0.036230165879248946 0.09250781880059729
2 0.47060025371301506 0.6518340222351368 0.0400099303072194 0.12436259658629736
2 0.45150053493120834 0.447881058822476 0.03143353847458741 0.08683091527994168
2 0.4368254213215447 0.2685833073882162 0.013045637023308566 0.027419111142800927
2 0.4592311562606023 0.028011896500181394 0.008085318511654194 0.013847470780040014
2 0.4715228251350762 0.05460911138275295 0.006468254809323426 0.011077976624032005
2 0.4740302662420688 0.062296975411898846 0.006359127404661713 0.005814818729295162
2 0.4772643936467305 0.06728430288935652 0.006468254809323426 0.011077976624032024
1 0.48551340326537734 0.08764735842510597 0.01951389183263199 0.038497087766832895