1 0.8926084073838159 0.7134509326491726 0.02365567600254508 0.03387802766328874
1 0.8273464867122705 0.646563828043898 0.04736589600572714 0.0756507921686829
2 0.620316878739633 0.9654990616202724 0.03626476400381797 0.05089367750476209
2 0.5853060794079965 0.9809933912373671 0.028397720003181703 0.03801321752526585
2 0.5013845180617243 0.8144533399255782 0.04885567067154532 0.06527774839886702
2 0.5370583887253154 0.7798207016408666 0.055160214672181594 0.07378557331960385
2 0.28865670404995225 0.6476323496829921 0.053579533338636055 0.07100072235257747
2 0.402437940722452 0.7311129921608178 0.07556362133990877 0.08893600431199801
2 0.46118513737268 0.5330665964965925 0.07394657733927232 0.08088799545023478
2 0.09747662603436205 0.43558874666298425 0.015806813335454462 0.02784850967026267
2 0.08403174403245306 0.41060172396957667 0.018968176002545346 0.03341821160431514
2 0.1233038767106798 0.557777941082773 0.01736931333545444 0.028001781689920634
2 0.10992262937617985 0.5420014447051549 0.015806813335454438 0.02784850967026267
2 0.09967547270845263 0.5278472818405368 0.018968176002545346 0.033418211604315295
2 0.06859764803468023 0.4367005827203666 0.011064769334818125 0.01949395676918381
2 0.10561639003818006 0.48372352781390504 0.02049431333545444 0.028308325729236267