2 0.0578125 0.1355263157894737 0.040625 0.038157894736842106
2 0.109375 0.14342105263157895 0.0328125 0.035526315789473684
2 0.18671875 0.11710526315789474 0.040625 0.03289473684210526
2 0.30390625 0.3144736842105263 0.05390625 0.05263157894736842
2 0.509375 0.6 0.0484375 0.04868421052631579
2 0.38671875 0.575 0.07265625 0.06315789473684211
2 0.33984375 0.014473684210526316 0.015625 0.015789473684210527
2 0.4 0.08157894736842106 0.021875 0.02368421052631579
2 0.54375 0.13289473684210526 0.00859375 0.013157894736842105
2 0.53671875 0.13026315789473683 0.00546875 0.007894736842105263
2 0.50859375 0.11973684210526316 0.00625 0.007894736842105263
2 0.50234375 0.11710526315789474 0.0078125 0.011842105263157895
2 0.49375 0.11315789473684211 0.00703125 0.009210526315789473
2 0.4859375 0.10789473684210527 0.0078125 0.010526315789473684
2 0.4671875 0.1 0.00859375 0.018421052631578946
2 0.4484375 0.09342105263157895 0.021875 0.031578947368421054
2 0.459375 0.09868421052631579 0.0046875 0.011842105263157895
2 0.5703125 0.17763157894736842 0.01015625 0.010526315789473684
2 0.615625 0.6171052631578947 0.01484375 0.021052631578947368
2 0.75625 0.5710526315789474 0.00625 0.011842105263157895
2 0.73984375 0.5526315789473685 0.00546875 0.009210526315789473
2 0.73203125 0.5421052631578948 0.00546875 0.010526315789473684
2 0.73515625 0.5473684210526316 0.0046875 0.009210526315789473
1 0.71953125 0.5289473684210526 0.021875 0.034210526315789476