2 0.61953125 0.5605263157894737 0.01875 0.025
2 0.3875 0.575 0.0734375 0.06184210526315789
2 0.50859375 0.6026315789473684 0.0515625 0.05921052631578947
2 0.615625 0.6171052631578947 0.01640625 0.02236842105263158
2 0.73984375 0.5526315789473685 0.00625 0.007894736842105263
2 0.73203125 0.5434210526315789 0.00625 0.010526315789473684
2 0.72734375 0.5381578947368421 0.0078125 0.013157894736842105
2 0.74609375 0.5960526315789474 0.00703125 0.011842105263157895
2 0.7359375 0.5881578947368421 0.0078125 0.009210526315789473
2 0.73125 0.5960526315789474 0.00703125 0.010526315789473684
2 0.7203125 0.5947368421052631 0.009375 0.013157894736842105
2 0.7375 0.6092105263157894 0.0078125 0.011842105263157895
2 0.509375 0.11973684210526316 0.00546875 0.007894736842105263
2 0.50234375 0.11710526315789474 0.00703125 0.011842105263157895
2 0.4671875 0.1 0.009375 0.019736842105263157
2 0.4484375 0.09210526315789473 0.02265625 0.031578947368421054
2 0.4 0.08157894736842106 0.021875 0.02368421052631579
2 0.11015625 0.14078947368421052 0.03359375 0.02894736842105263
2 0.18671875 0.11447368421052631 0.040625 0.035526315789473684
2 0.24296875 0.09473684210526316 0.0359375 0.034210526315789476
2 0.34140625 0.015789473684210527 0.0125 0.015789473684210527
2 0.54453125 0.13421052631578947 0.0078125 0.014473684210526316
2 0.57109375 0.17763157894736842 0.01015625 0.011842105263157895
2 0.56796875 0.19210526315789472 0.01015625 0.015789473684210527