2 0.7921875 0.8549634091744511 0.0265625 0.028399441382399155
2 0.78125 0.4952950677003306 0.01875 0.040944497322560454
2 0.696875 0.2387558319676423 0.0109375 0.024542184841669125
2 0.72421875 0.2497687909161012 0.009375 0.019156459187596092
2 0.728125 0.2639360557282871 0.0078125 0.016402312480891405
2 0.76640625 0.4096173561508665 0.021875 0.04645279073596968
2 0.76015625 0.3916865745566322 0.0109375 0.014015869052195441
2 0.759375 0.3785899636994582 0.0140625 0.022155741412973086
2 0.73984375 0.3090694291122131 0.0078125 0.013770733533522985
2 0.7421875 0.3207276827363667 0.0109375 0.016647447999563785
2 0.746875 0.3335178741952003 0.0078125 0.01377073353352306
2 0.7515625 0.3476238551277181 0.0109375 0.019279026946932284
2 0.63828125 0.6788784387322228 0.04375 0.1113266341035183
2 0.47109375 0.6248879258232993 0.0546875 0.14902671368202952
2 0.43515625 0.41454908955118935 0.0390625 0.10043261503603605
2 0.40625 0.22734290888838243 0.015625 0.03280462496178281
1 0.4453125 0.024278714904977922 0.025 0.04406634730727363
2 0.434375 0.006142606940914767 0.0078125 0.012285213881829534
2 0.4296875 0.003036984895708513 0.0078125 0.006073969791417026