2 0.015625 0.33026315789473687 0.03125 0.05131578947368421
2 0.109375 0.14210526315789473 0.04375 0.035526315789473684
2 0.1875 0.11578947368421053 0.04296875 0.04078947368421053
2 0.24375 0.09473684210526316 0.03828125 0.035526315789473684
2 0.38203125 0.3539473684210526 0.05703125 0.05789473684210526
2 0.3890625 0.5736842105263158 0.07421875 0.06842105263157895
2 0.4 0.08157894736842106 0.0234375 0.02763157894736842
2 0.4484375 0.09342105263157895 0.021875 0.031578947368421054
2 0.46875 0.1 0.0109375 0.019736842105263157
2 0.55234375 0.3105263157894737 0.02578125 0.04078947368421053
2 0.61640625 0.6171052631578947 0.02109375 0.025
2 0.50859375 0.6013157894736842 0.0515625 0.056578947368421055
2 0.540625 0.4394736842105263 0.03515625 0.04736842105263158
2 0.55390625 0.4052631578947368 0.0375 0.04473684210526316
2 0.5828125 0.37236842105263157 0.02578125 0.046052631578947366
2 0.62734375 0.4355263157894737 0.02734375 0.035526315789473684
2 0.67734375 0.5105263157894737 0.01484375 0.025
2 0.7015625 0.5342105263157895 0.01171875 0.017105263157894738
2 0.709375 0.531578947368421 0.01015625 0.015789473684210527
2 0.7265625 0.5368421052631579 0.00859375 0.014473684210526316
2 0.7328125 0.5421052631578948 0.0046875 0.010526315789473684
2 0.74140625 0.5802631578947368 0.00703125 0.013157894736842105
2 0.73984375 0.5526315789473685 0.009375 0.011842105263157895