2 0.746875 0.7998367537941513 0.0375 0.05073490864015274
2 0.7390625 0.738147754497692 0.0453125 0.06930906723843008
2 0.48359375 0.4852595827666271 0.0796875 0.07787747033400867
2 0.33671875 0.7012958696774007 0.0578125 0.06692245783777935
2 0.25859375 0.6949321925022801 0.0421875 0.058721509062277286
2 0.22109375 0.6930355221950645 0.0328125 0.04801146611276534
2 0.21875 0.648344611879811 0.0234375 0.03993300211062182
2 0.17890625 0.7425465049415519 0.0296875 0.042687065831349076
2 0.14609375 0.7918737605280015 0.01875 0.029314822741129152
2 0.1328125 0.7855550933029679 0.0140625 0.02395980126637303
2 0.11796875 0.7779512577975897 0.01875 0.03194640168849757
2 0.04921875 0.6542985903045364 0.0171875 0.018757885758315607