2 0.03745837806331527 0.7848985813260099 0.03622840133672711 0.04280955060470792
2 0.11899018873326968 0.8240957529565562 0.04560340133672711 0.04299327776474588
2 0.2777117554105419 0.9525819597976679 0.017332950668363534 0.02138946470568403
2 0.34446290340545127 0.8881073537472188 0.023637494668999892 0.029406686321148134
2 0.3967884720719058 0.8844499648229706 0.02369203866963625 0.0373014231632534
2 0.41784585940481483 0.878773420818148 0.011082950668363623 0.021266979932325188
2 0.4092521094048148 0.8789418373815163 0.004796588001272539 0.015881337264229505
2 0.5004856367361332 0.8521504975711439 0.009484088001272716 0.015973200844248785
2 0.4934816587364514 0.8562356613622252 0.00474204400063627 0.007986600422124243
2 0.4622771120703149 0.8634270325974401 0.006322725334181811 0.010648800562832524
2 0.45526404340386045 0.8661964069148373 0.00948408800127254 0.015973200844248487
2 0.4459072247374058 0.8690117130222439 0.007885225334181812 0.010679421756172085
2 0.43655040607095136 0.8718270191296504 0.00948408800127254 0.015973200844248487
2 0.536913485399406 0.8093256363697663 0.009465906667727352 0.013341621896880066
2 0.252010679384134 0.625409698750395 0.059829533338636054 0.06695307903111891
2 0.3540897053628168 0.35889970518277886 0.0817590773392725 0.07527651257997996
2 0.4852942520289532 0.34974857757382327 0.05668635200509069 0.06426025769707122
2 0.600110730028635 0.3435505514423029 0.017387494668999894 0.029284201547789292
2 0.7490482167011348 0.4130099591276634 0.006340906667727175 0.013280379510200946
2 0.721895370703362 0.4411774089584765 0.006322725334181811 0.010648800562832524
2 0.7249930987030437 0.4371687981507445 0.0047602253341818114 0.010618179369492664
2 0.7304254860359529 0.4317984660793187 0.006322725334181811 0.010648800562832524
1 0.7063703680378619 0.4559573051023998 0.023710220003181702 0.03993300211062182