2 0.9903601728903272 0.15687133170297696 0.01611592370110628 0.04767463298602853
2 0.9213198465914335 0.11086555375396186 0.05213524431795733 0.05627365727494683
2 0.8606823555198873 0.08311241187315739 0.042460235389503255 0.027142561693856006
2 0.8779868579555192 0.22221864176360737 0.06479888555165943 0.07230810050587488
2 0.6339795336852201 0.02572569024092533 0.026780688311602675 0.021573191865722215
2 0.6113914675325959 0.01959075017592988 0.012690914772652384 0.01866602217829652
2 0.7459595620954345 0.2997908220041418 0.07431025324641087 0.08564972240275517
2 0.6715089870143565 0.323613749740409 0.06329093262955983 0.07754063720727201
2 0.5672618177774773 0.3585447959396041 0.05854888555165907 0.0721856157325162
2 0.49520953977430004 0.3770586339911249 0.0490920649348082 0.06410715173037267
2 0.6455350478919749 0.5688099097457676 0.09163412094116268 0.09914445026633387
2 0.508911755278301 0.5622787378472015 0.06641593262955983 0.07760187959395143
2 0.4050930543847967 0.4051351420818416 0.03489319724005639 0.05067366625347332
2 0.3561061294658745 0.3837312886194104 0.023819329545304767 0.0373014231632534
2 0.3332726014626973 0.4012805590807308 0.017487508928453722 0.029284201547789292
2 0.2930742954563429 0.4362719258266826 0.014280688311602674 0.02132822231900461
1 0.2590168952941871 0.48166712358874914 0.028506829545304768 0.03739328674327238
2 0.26972257021310925 0.5038211962880029 0.014253414772652384 0.01869664337163619
2 0.2470799569825844 0.5029494141177443 0.011128414772652384 0.01863540098495677
2 0.2765044042226409 0.45238292204095987 0.011128414772652384 0.01863540098495677
2 0.26634815422264085 0.4525819597976679 0.011128414772652384 0.01863540098495677
2 0.2743788425342436 0.4313762222520221 0.011128414772652384 0.01863540098495677
2 0.26652543222581804 0.4354766966397732 0.007948867694751716 0.013311000703540505
2 0.25783622483949187 0.444855639518931 0.009511367694751716 0.013341621896880365
2 0.253779970375265 0.45940587671280647 0.008003414772652383 0.018574158598277348
2 0.3863645994341024 0.5541561857348941 0.025436376623205435 0.042595202251329796