2 0.72890625 0.5578947368421052 0.009375 0.014473684210526316
2 0.73046875 0.5421052631578948 0.00859375 0.013157894736842105
2 0.68984375 0.5184210526315789 0.0140625 0.02236842105263158
2 0.73984375 0.5526315789473685 0.0078125 0.014473684210526316
2 0.3859375 0.575 0.07890625 0.06842105263157895
2 0.5078125 0.6026315789473684 0.0546875 0.05789473684210526
2 0.47265625 0.3973684210526316 0.05078125 0.05789473684210526
2 0.40625 0.36578947368421055 0.05859375 0.05921052631578947
2 0.3265625 0.33026315789473687 0.059375 0.06710526315789474
2 0.40625 0.12894736842105264 0.0328125 0.030263157894736843
1 0.48828125 0.12368421052631579 0.05390625 0.04736842105263158
2 0.1109375 0.14210526315789473 0.0328125 0.035526315789473684
2 0.18671875 0.11578947368421053 0.04296875 0.038157894736842106
2 0.20078125 0.1618421052631579 0.04921875 0.04736842105263158
2 0.2578125 0.09078947368421053 0.03984375 0.03289473684210526
2 0.4484375 0.09210526315789473 0.02265625 0.031578947368421054
2 0.4671875 0.09736842105263158 0.00859375 0.017105263157894738
2 0.51796875 0.15263157894736842 0.01796875 0.021052631578947368
2 0.5546875 0.15526315789473685 0.0125 0.017105263157894738