2 0.50859375 0.6013157894736842 0.04921875 0.05263157894736842
2 0.3875 0.575 0.0734375 0.06447368421052632
2 0.30703125 0.3171052631578947 0.0546875 0.05789473684210526
2 0.05546875 0.1355263157894737 0.0390625 0.038157894736842106
2 0.109375 0.14473684210526316 0.03046875 0.03289473684210526
2 0.1875 0.11710526315789474 0.04140625 0.03684210526315789
2 0.3390625 0.015789473684210527 0.015625 0.018421052631578946
2 0.39921875 0.08157894736842106 0.02265625 0.025
2 0.4484375 0.09210526315789473 0.02265625 0.030263157894736843
2 0.4671875 0.1 0.009375 0.018421052631578946
2 0.459375 0.1 0.00390625 0.014473684210526316
2 0.509375 0.11973684210526316 0.00625 0.009210526315789473
2 0.5015625 0.11710526315789474 0.00703125 0.011842105263157895
2 0.49375 0.1118421052631579 0.00703125 0.010526315789473684
2 0.4859375 0.10789473684210527 0.00703125 0.013157894736842105
2 0.53671875 0.13026315789473683 0.00546875 0.009210526315789473
2 0.54453125 0.13421052631578947 0.0078125 0.013157894736842105
2 0.565625 0.1763157894736842 0.01015625 0.013157894736842105
2 0.615625 0.6171052631578947 0.01484375 0.021052631578947368
1 0.71953125 0.5289473684210526 0.021875 0.03684210526315789
2 0.73125 0.5407894736842105 0.00546875 0.010526315789473684
2 0.734375 0.5473684210526316 0.00390625 0.009210526315789473
2 0.73984375 0.5526315789473685 0.00625 0.009210526315789473
2 0.75625 0.5710526315789474 0.00703125 0.011842105263157895