2 0.2154886745806254 0.8016575819435996 0.009956881458888933 0.04302489527584193
2 0.2197209264804864 0.7127203498018757 0.019331881458888846 0.04394452739378912
2 0.2246623464083684 0.675098907133836 0.012718205547083273 0.017015649841473354
2 0.22409930195545175 0.6908117448082177 0.009484102773541636 0.008814368960052457
2 0.23687075246854192 0.5987701403535594 0.0063954703647222996 0.011139403868105097
2 0.23549009042444474 0.6117747630707437 0.007994337955902786 0.013924254835131334
2 0.23256511217593784 0.6259419032419542 0.0079579703647223 0.011292675887762914
2 0.22887706772302113 0.6413481968770202 0.009593205547083362 0.01670910580215772
2 0.27584168028020856 0.5395206821179925 0.012790940729444422 0.022278807736210195
2 0.4124175727570142 0.7684149134829493 0.04029899810013902 0.09330548470197246
2 0.5440682694703824 0.8667394429138535 0.045641114741388836 0.14113372181357764
2 0.5596542890376739 0.6396313387286952 0.03880923328249999 0.09841537057705164
2 0.5709346683123613 0.4396949974319316 0.01606141109416672 0.03311166756499951
2 0.5375376740119445 0.16836177642685343 0.009593205547083272 0.016709105802157648
1 0.5095951651782292 0.23526308616844635 0.022456881458888845 0.04425107143310468
2 0.525455901310521 0.19739875816432745 0.0063954703647222996 0.011139403868105097
2 0.5186246730620139 0.21118271828639343 0.0063954703647222996 0.011139403868105097
2 0.5224581878796528 0.20630274044080124 0.0063954703647222996 0.011139403868105097
2 0.24473715064493082 0.5469815575143092 0.007994337955902786 0.013924254835131334
2 0.24609962889343776 0.5326611453234407 0.009593205547083362 0.01670910580215772