1 0.346875 0.11315789473684211 0.09921875 0.06184210526315789
2 0.2578125 0.09078947368421053 0.040625 0.02763157894736842
2 0.15078125 0.20789473684210527 0.05703125 0.046052631578947366
2 0.11015625 0.14342105263157895 0.0359375 0.03289473684210526
2 0.18671875 0.11578947368421053 0.04453125 0.034210526315789476
2 0.325 0.32894736842105265 0.06171875 0.060526315789473685
2 0.40625 0.36578947368421055 0.05703125 0.056578947368421055
2 0.4734375 0.3973684210526316 0.0484375 0.056578947368421055
2 0.5078125 0.6013157894736842 0.053125 0.05394736842105263
2 0.3875 0.5763157894736842 0.07890625 0.06973684210526315
2 0.5 0.1394736842105263 0.01875 0.019736842105263157
2 0.44375 0.14210526315789473 0.02734375 0.02763157894736842
2 0.44765625 0.09342105263157895 0.021875 0.034210526315789476
2 0.4671875 0.1 0.0109375 0.02236842105263158
2 0.459375 0.09868421052631579 0.0046875 0.018421052631578946
2 0.478125 0.10526315789473684 0.0109375 0.02236842105263158
2 0.49609375 0.12236842105263158 0.0171875 0.018421052631578946
2 0.74375 0.6052631578947368 0.00625 0.013157894736842105
2 0.7234375 0.5513157894736842 0.009375 0.014473684210526316
2 0.74140625 0.5723684210526315 0.00625 0.011842105263157895
2 0.73046875 0.5421052631578948 0.009375 0.014473684210526316
2 0.73984375 0.5526315789473685 0.0078125 0.011842105263157895