2 0.47979223457542924 0.5713695865190488 0.039580697240056396 0.05344788021598944
2 0.4993313928552599 0.4195077312024143 0.05073638555165907 0.07546591825541393
2 0.38632287824476325 0.4558223733024683 0.0190772824674041 0.03323392987209613
2 0.6162052471573309 0.37890093265970887 0.08056025324641088 0.09124420195640823
2 0.987825102677218 0.5973239448728527 0.02434979464556406 0.03960040943594953
2 0.9416433981302657 0.6188424947072141 0.034865923701106284 0.05040255564270239
2 0.8703138689092725 0.6778181732520033 0.044268197240056394 0.053861625841908206
2 0.7352315312462927 0.8477804908500721 0.015843188311602675 0.022431783665343263
2 0.6668264046230874 0.811674539267999 0.0237920560063543 0.03627925444538301
2 0.6169082252399385 0.823982562786571 0.025409103084255237 0.04168032754875975
2 0.6043945884704632 0.8237700949820035 0.004851141233702094 0.016203219310129295
2 0.5981718620094136 0.8269533347639302 0.011128414772652384 0.019386459092055774
2 0.5171576412304068 0.7814243890615002 0.011128414772652384 0.019386459092056073
2 0.5184707252399384 0.8326712209308647 0.009538641233702095 0.016616964936048063
2 0.5255156120094135 0.8333663919656707 0.007948867694751626 0.013847470780040052
2 0.5543945884704632 0.82818338165847 0.007948867694751626 0.013847470780040052
2 0.5622070884704632 0.8274938056152721 0.007948867694751626 0.013847470780040052
2 0.5708144752399384 0.8280510614414386 0.007948867694751626 0.013847470780039752
2 0.5786133384704633 0.8260456959245566 0.007948867694751626 0.013847470780040052
2 0.25528711241645063 0.5635288400114604 0.007948867694751716 0.013847470780040052
2 0.2827945036501527 0.5769047975444782 0.007948867694751716 0.013847470780040052
2 0.27883370657225204 0.5719864276713403 0.006359094155801337 0.011077976624032041
2 0.27413256980277684 0.5710843838235747 0.007921594155801338 0.011215891832671632
1 0.2976928007280534 0.5808577609571389 0.02379205600635448 0.036279254445383165