2 0.69140625 0.175 0.0359375 0.04342105263157895
2 0.41640625 0.02368421052631579 0.02109375 0.017105263157894738
2 0.4953125 0.009210526315789473 0.02421875 0.018421052631578946
2 0.45 0.2868421052631579 0.05078125 0.04736842105263158
2 0.365625 0.11315789473684211 0.0265625 0.03289473684210526
2 0.33515625 0.15 0.03203125 0.035526315789473684
2 0.121875 0.5197368421052632 0.0125 0.018421052631578946
2 0.54296875 0.49473684210526314 0.06875 0.04868421052631579
2 0.69921875 0.4881578947368421 0.04921875 0.046052631578947366
2 0.86875 0.3105263157894737 0.01484375 0.018421052631578946
2 0.88125 0.31973684210526315 0.0140625 0.021052631578947368
2 0.91171875 0.41842105263157897 0.01171875 0.018421052631578946
2 0.8875 0.4486842105263158 0.0125 0.021052631578947368
2 0.95 0.41973684210526313 0.00859375 0.014473684210526316
2 0.93828125 0.37763157894736843 0.00625 0.010526315789473684
2 0.94296875 0.3815789473684211 0.00546875 0.009210526315789473
2 0.9515625 0.39210526315789473 0.00703125 0.010526315789473684
2 0.959375 0.4144736842105263 0.00625 0.014473684210526316