2 0.33322092914284684 0.8116690795001759 0.04513196846486114 0.10085739341351128
2 0.5079312948341663 0.7161648638815747 0.053453614741388836 0.13785260464336788
2 0.5482315993550693 0.5127983762940538 0.0403353656913195 0.09287079299138704
2 0.583517095555347 0.3332079628128674 0.016025043502986235 0.029253580354449582
2 0.5869538329219097 0.08452375228655164 0.007994337955902786 0.01331100070354058
2 0.5717645908056943 0.10981465362327877 0.007994337955902786 0.01331100070354058
2 0.5669679880321528 0.1178012540454031 0.007994337955902786 0.01331100070354058
2 0.5637884366453819 0.12180986485313514 0.007994337955902786 0.01331100070354058
1 0.552596363507118 0.14044526583809194 0.024019381458888843 0.042564581057990165
2 0.31026143351124985 0.3254087769104722 0.008103440729444421 0.021205737545645843
2 0.27766648584795117 0.36682598505814645 0.008067073138263936 0.018574158598277348
2 0.27437783168763874 0.37872933270798376 0.0063954703647222996 0.010648800562832524
2 0.23178898176388865 0.5216307468927107 0.022456881458888845 0.042533959864650375
2 0.23827537110656224 0.5044029989614571 0.00795797036472221 0.010679421756172085
2 0.24080095906246504 0.4911991724346055 0.014317073138263936 0.01869664337163619
2 0.2620408326375692 0.42369583376329467 0.0063954703647222996 0.010648800562832524
2 0.2579709284772567 0.4356144920098018 0.007994337955902786 0.013311000703540505
2 0.25310159052135395 0.448864250326663 0.007994337955902786 0.013311000703540654
2 0.2497947525654512 0.4620833874501845 0.008030705547083272 0.015942579650908926
2 0.21425533643729136 0.6035312167911985 0.019331881458888932 0.04247271747797111