2 0.33515625 0.15 0.03125 0.038157894736842106
2 0.36640625 0.11315789473684211 0.02421875 0.02763157894736842
2 0.47421875 0.19736842105263158 0.0453125 0.038157894736842106
2 0.45625 0.2776315789473684 0.05 0.05131578947368421
2 0.5234375 0.2776315789473684 0.05546875 0.05
2 0.59921875 0.2802631578947368 0.053125 0.042105263157894736
2 0.64296875 0.34210526315789475 0.0515625 0.039473684210526314
2 0.415625 0.02368421052631579 0.0203125 0.018421052631578946
2 0.91171875 0.45263157894736844 0.0140625 0.019736842105263157
2 0.86796875 0.3118421052631579 0.01640625 0.021052631578947368
2 0.87890625 0.31973684210526315 0.0125 0.019736842105263157
2 0.89140625 0.32894736842105265 0.01484375 0.021052631578947368
2 0.965625 0.4144736842105263 0.00703125 0.010526315789473684
2 0.54296875 0.49736842105263157 0.0703125 0.05394736842105263