2 0.4203125 0.26264365140607754 0.01875 0.04002489678720691
2 0.459375 0.6812321339765895 0.0546875 0.14634454545391481
2 0.4171875 0.47194604648464705 0.046875 0.1066411893364381
2 0.38515625 0.28209822761893255 0.0171875 0.03471580451107995
2 0.40078125 0.046112568015558394 0.0078125 0.013387566643792344
2 0.40859375 0.05772500137176606 0.0078125 0.013387566643792325
2 0.4125 0.06682069173408041 0.009375 0.018696658919919222
2 0.371875 0.044330775123905826 0.009375 0.013433501025182381
2 0.378125 0.06125230075624038 0.0078125 0.018650724538529166
2 0.37578125 0.07184751811779914 0.0078125 0.016019145591160747
2 0.37734375 0.09022263636798802 0.0109375 0.018742593301309278
2 0.365625 0.06293556528104496 0.009375 0.018696658919919222
2 0.72265625 0.3616500854492089 0.0078125 0.013387566643792363
2 0.72578125 0.3720845324759025 0.009375 0.016065079972550897
2 0.74375 0.43076681340570633 0.0140625 0.0188344620640895
2 0.75234375 0.46340891115016636 0.025 0.048103371154872315
2 0.76953125 0.5484299487443496 0.0203125 0.04796556801070213
2 0.79375 0.8306127026749093 0.0296875 0.07192538482535814
2 0.81953125 0.6403811011714471 0.0046875 0.021190434723117553
2 0.70625 0.30029029119064643 0.0109375 0.018742593301309278
2 0.6734375 0.26309701846299527 0.009375 0.02132823786728759
2 0.6640625 0.27258315106712505 0.0109375 0.0213741722486777