2 0.61953125 0.6838054871144158 0.0171875 0.02732665385370865
2 0.66171875 0.5836551207361977 0.025 0.035680874504915715
2 0.77265625 0.6888640013517611 0.0078125 0.01888053644068075
2 0.75703125 0.6629450337335573 0.0078125 0.013617378545944055
2 0.753125 0.6561363444605853 0.0078125 0.013617378545944055
2 0.75078125 0.6481037624757494 0.0078125 0.016248957493312476
1 0.73828125 0.6302633252232916 0.025 0.04094403239965255
2 0.57890625 0.2393109081491909 0.0171875 0.035221390695813766
2 0.44921875 0.04089400323388808 0.0265625 0.030509613371999242
2 0.59765625 0.1483084061331408 0.0109375 0.016432751016953257
2 0.5890625 0.14253981604839183 0.0078125 0.013617378545944055
2 0.5625 0.12124072899218205 0.0078125 0.013617378545944055
2 0.5546875 0.11551808728834327 0.0078125 0.013617378545944055
2 0.54765625 0.10852560449173047 0.0078125 0.013617378545944055
2 0.5390625 0.10144122493329728 0.009375 0.016340854255132865
2 0.5203125 0.08323320063355788 0.0109375 0.024327487859058517
2 0.5125 0.08014213787708752 0.0046875 0.016065163969671697
2 0.5 0.07019643746673493 0.028125 0.04112782592329332
2 0.5078125 0.6259190791705737 0.0578125 0.07708439071367021
2 0.3828125 0.5540936540144162 0.084375 0.09443610934882737
2 0.13828125 0.013396021315841247 0.0390625 0.012823734834983403
2 0.10390625 0.06795323992421375 0.025 0.03831245345228413