2 0.07872444281840765 0.059596296983667314 0.037627265027114644 0.04015207027050785
2 0.13492899102300954 0.07771913923153437 0.032948855386194256 0.042369903591957546
2 0.21466648799794746 0.07027913066162673 0.04234203610435348 0.048460552738531885
2 0.32091596711710035 0.30604211192712233 0.05804884933607006 0.07352391535124346
2 0.4357420572797882 0.09505729057886445 0.02353749394987581 0.031016096550646362
2 0.48489717476623084 0.11782267228259025 0.023555674668035032 0.0362792544453832
2 0.49580285850945227 0.1279986050588568 0.0063045421544778435 0.016341134518768882
2 0.5036062681503726 0.1313197600494231 0.011001132513557365 0.019386459092056
2 0.5792193465073996 0.18669285819475864 0.011001132513557365 0.019386459092056073
2 0.5729875272255589 0.18087803946546346 0.004714771077238921 0.008308482468024032
2 0.5215341115345143 0.1447478902119362 0.007857951795397966 0.013847470780040014
2 0.5301096808163551 0.15076958175419075 0.006286361436318444 0.011077976624032041
2 0.5371227500981959 0.15665335808780573 0.007857951795397966 0.013847470780040014
2 0.5441358193800366 0.16253713442142068 0.006286361436318444 0.011077976624032041
2 0.6118500393258073 0.24222065652355831 0.006286361436318444 0.011077976624032041
2 0.3886887535160414 0.5950051179493693 0.0783886204133089 0.08321154990566339
2 0.5127484222321481 0.6520220086151634 0.05332498789975162 0.062583853935851
2 0.6204245668459538 0.7010118422218209 0.017278403590796288 0.027832856768719393
2 0.7673722897185907 0.6929232402549942 0.007857951795397966 0.013847470780040052
2 0.7518336481298472 0.6665440881685983 0.006286361436318444 0.011077976624032041
2 0.7471688740275463 0.6595513951742585 0.004723861436318444 0.010940061415392452
2 0.7448433047457055 0.6540813644665624 0.006286361436318444 0.011077976624032041
1 0.7323933017206434 0.6385043585869193 0.023564765027114732 0.03891083339275173