2 0.36640625 0.11315789473684211 0.025 0.031578947368421054
2 0.33515625 0.15 0.03203125 0.03684210526315789
2 0.41640625 0.02368421052631579 0.0234375 0.018421052631578946
2 0.54296875 0.49473684210526314 0.06875 0.05
1 0.78125 0.2657894736842105 0.08203125 0.11315789473684211
1 0.83984375 0.28289473684210525 0.0515625 0.07236842105263158
2 0.86875 0.33421052631578946 0.01953125 0.031578947368421054
2 0.86796875 0.3092105263157895 0.01484375 0.018421052631578946
2 0.87890625 0.31842105263157894 0.01171875 0.02236842105263158
2 0.8921875 0.33026315789473687 0.0140625 0.025
2 0.91484375 0.425 0.0109375 0.018421052631578946
2 0.85546875 0.38552631578947366 0.01484375 0.015789473684210527
2 0.94765625 0.4131578947368421 0.0078125 0.015789473684210527
2 0.95703125 0.4118421052631579 0.0078125 0.010526315789473684
2 0.96171875 0.42894736842105263 0.00625 0.010526315789473684
2 0.9546875 0.425 0.00625 0.011842105263157895
2 0.97265625 0.4381578947368421 0.0078125 0.010526315789473684
2 0.9640625 0.4131578947368421 0.00546875 0.007894736842105263