2 0.4035070337067569 0.9249980404184351 0.04775423151356133 0.11965109952611903
2 0.25423653384793116 0.6625856716408727 0.026638094710093263 0.049575064390864856
2 0.24721996537560997 0.752478696468926 0.021859589448421434 0.04652973981757782
2 0.22830263637994505 0.8360741993374455 0.017081084186749605 0.04348441524429063
2 0.25769546281536126 0.6274731014773178 0.013046031570031147 0.01689279535332724
2 0.26101017861449416 0.610712626341022 0.013228042093374803 0.022155953248064082
2 0.28843025234848724 0.5252440781726517 0.01653505261671846 0.027694941560080105
2 0.27602896288594836 0.5044728720025917 0.008358531570031058 0.016479049727408473
2 0.332642254908736 0.6550767054666453 0.031598610495108835 0.05788354685888889
2 0.3841221839467532 0.4995842947925163 0.029672089448421434 0.047219315860775615
2 0.437989178543907 0.7509522568956958 0.0426117052052021 0.10607945916335786
2 0.45231626002923353 0.917500264227424 0.05593075256024882 0.13086699135879037
2 0.5889153707361039 0.6107964093386014 0.04086719468185844 0.10067838605998143
2 0.5739490653473751 0.831165059865959 0.05335178413027997 0.1463806346257217
2 0.5410484761813024 0.2851869808829396 0.016626057878390377 0.03032652050744845
2 0.5486187814994439 0.1887839662907851 0.009921031570031148 0.016616964936048063
2 0.5558397472985769 0.1723682791760883 0.00983002630835923 0.013985385988679641