2 0.27734375 0.7616700013400987 0.01875 0.04247271747797126
2 0.271875 0.6788824386746823 0.0234375 0.042564581057990235
2 0.271875 0.645987701832577 0.0140625 0.02132822231900461
2 0.28359375 0.481284358672003 0.0109375 0.01863540098495677
2 0.43359375 0.8309763030587605 0.05 0.12203250976581749
2 0.40390625 0.776294947837478 0.0390625 0.09287079299138704
2 0.42265625 0.6522432829910858 0.0421875 0.09556361432543488
2 0.4046875 0.6302270056618607 0.0390625 0.09023921404401877
2 0.56796875 0.6651849856947045 0.053125 0.1378832258367076
2 0.55546875 0.45621942892563266 0.0421875 0.09556361432543488
2 0.47578125 0.19462321504911506 0.015625 0.031885159301818004
2 0.540625 0.27756296184130713 0.015625 0.029253580354449582
2 0.50625 0.08086820704214887 0.0109375 0.016003822037588402
2 0.49765625 0.07708925518446456 0.0078125 0.01331100070354058
2 0.4984375 0.06523183932463683 0.0078125 0.01331100070354058
2 0.50625 0.05718399651583307 0.0078125 0.01331100070354058
2 0.475 0.08542799932999542 0.0078125 0.01331100070354058
2 0.46953125 0.11053517350668438 0.009375 0.015973200844248713
2 0.47109375 0.10129402599755519 0.0078125 0.01067942175617216
2 0.47421875 0.09596962571613897 0.0046875 0.007986600422124318