1 0.2584000207974277 0.8385839405304031 0.13730368182494201 0.12500298837849128
2 0.08038776733738659 0.8057388092952644 0.05140067391627663 0.05936463704658673
2 0.2882055845238614 0.682992582361868 0.061030341901054184 0.07016655912440078
2 0.248714661596168 0.6318671900178119 0.07866351087441492 0.08909288995127021
2 0.34237979547482605 0.372964885163617 0.08985567885919252 0.09994074641047422
2 0.47782254695770077 0.38878031441701383 0.0612850098858317 0.08069287491387447
2 0.4779445637636147 0.5228989719700232 0.05002917490485981 0.06721343950730203
2 0.36693807958094554 0.6458615516022341 0.059595175893442945 0.07538378263774737
2 0.3779220005314726 0.6803706513970589 0.05946784190105418 0.07012062474301052
2 0.3933944447137043 0.9004060669813573 0.02563666996194396 0.027050739575924795
2 0.3884668641813566 0.9226137176991237 0.01151050296574958 0.02400575119604612
2 0.365874281177551 0.9245792481163365 0.029143671939110227 0.04293208202291555
2 0.31190436418135664 0.9203629330110116 0.027326503954332716 0.0323598318520519
2 0.5962369659310616 0.4106694128435413 0.017887836958138337 0.029452646616343107
2 0.5845938117864484 0.510256003411031 0.03402217292769336 0.050964622009190996
2 0.6382599812541008 0.534186193430924 0.021076503954332537 0.03217609432649175
2 0.7132918147521978 0.5377068332113305 0.011383168973360825 0.018742593301309278
2 0.7178838142579064 0.533897267934448 0.008130834980972067 0.013387566643792363
2 0.7216945637636147 0.5300647354668704 0.006504667984777513 0.010710053315033831
2 0.7285984797712259 0.5250082822883889 0.008130834980972067 0.013387566643792363
2 0.7361098908359214 0.48052407928077095 0.008130834980972067 0.013387566643792363
2 0.7407973908359213 0.4806618824249411 0.006504667984777513 0.010710053315033831
2 0.7357915558549493 0.46736618454392886 0.008130834980972067 0.013387566643792363
2 0.7436040558549493 0.4675958564508791 0.008130834980972067 0.013387566643792214