2 0.46147253928941423 0.2631578947368421 0.05861732878371626 0.14210526315789473
2 0.6421082632345664 0.1723684210526316 0.051421258891340214 0.10789473684210527
2 0.4120461199351574 0.46842105263157896 0.04807793507002245 0.1
2 0.37257689743774736 0.6526315789473685 0.01806079528527036 0.031578947368421054
2 0.36310123594137333 0.9105263157894737 0.008176373035529316 0.013157894736842105
2 0.379417594708879 0.8855263157894737 0.008176373035529316 0.013157894736842105
2 0.3883752177444083 0.8723684210526316 0.008176373035529316 0.013157894736842105
2 0.3835785558337495 0.8763157894736842 0.008103598428423453 0.010526315789473684
1 0.39911366460125514 0.8513157894736842 0.02609161910658786 0.039473684210526314
2 0.6895289569910413 0.6328947368421053 0.011446922249741042 0.018421052631578946
2 0.6937626927230177 0.6210526315789474 0.00824914764263518 0.015789473684210527
2 0.7074998610438172 0.5763157894736842 0.006613873035529139 0.013157894736842105
2 0.7109887340793465 0.5631578947368421 0.011374147642635179 0.015789473684210527
2 0.7152588571148758 0.55 0.00981164764263518 0.015789473684210527
2 0.7203102301504052 0.5368421052631579 0.011446922249740865 0.018421052631578946
2 0.7312670008285694 0.5078947368421053 0.014644696856846906 0.021052631578947368
2 0.7399527961138398 0.4763157894736842 0.02630994292790536 0.04736842105263158
2 0.7332297611676518 0.4934210526315789 0.011301373035529139 0.013157894736842105
2 0.7594690835412272 0.39210526315789473 0.021476893713693813 0.042105263157894736
2 0.8158860574863794 0.3013157894736842 0.011738020678164674 0.02894736842105263
2 0.6513547148489242 0.6855263157894737 0.00824914764263518 0.015789473684210527