2 0.6310668556233333 0.11391420617110713 0.03895470364722229 0.10599806653488955
2 0.7834813811745485 0.2753563922410035 0.011483013867708359 0.03968803256390414
2 0.7746863030022915 0.4031257665584006 0.012718205547083273 0.016034443230928206
2 0.7756857585493748 0.38732098227752015 0.0095204703647223 0.010710042949511944
2 0.7791016992788193 0.36620710831189346 0.02242051386770836 0.039902380917282106
2 0.7539542692829511 0.546914273510056 0.009593205547083272 0.015973200844248785
2 0.7695442081125344 0.43611236698052486 0.008030705547083272 0.015942579650908926
2 0.7669640687698609 0.4532635619284292 0.006468205547083272 0.015911958457569365
2 0.7644021132227776 0.4690989674026492 0.009556837955902786 0.013341621896880365
2 0.762675959062465 0.48097169385914684 0.0063954703647222996 0.010648800562832524
2 0.7259377188461108 0.5961343549198164 0.008103440729444421 0.02120573754564592
2 0.460861498765729 0.27904808971828243 0.0456774823325695 0.14033107762403774
2 0.4467963859242012 0.5055782275453445 0.035720600873680654 0.0980420873061049
2 0.4370193827900691 0.7044002334416889 0.016025043502986235 0.029253580354449433
2 0.46937467505878416 0.9629064723106654 0.0079579703647223 0.010679421756172085
2 0.48152983615295086 0.9310978659921966 0.0063954703647222996 0.010648800562832524
2 0.4839826889264926 0.9231571973600818 0.006359102773541636 0.008017221615464103
2 0.487198607904444 0.9165170076049813 0.0063954703647222996 0.010648800562832524
1 0.4968827324294788 0.8939648593923116 0.023983013867708357 0.03993300211062182
2 0.7565162248300344 0.5310788680358357 0.0063954703647222996 0.010648800562832524