2 0.05390625 0.1368421052631579 0.04375 0.03684210526315789
2 0.109375 0.14210526315789473 0.03125 0.03289473684210526
2 0.1875 0.11710526315789474 0.040625 0.035526315789473684
2 0.33984375 0.014473684210526316 0.015625 0.017105263157894738
2 0.4 0.08157894736842106 0.02109375 0.02368421052631579
2 0.4484375 0.09210526315789473 0.02109375 0.031578947368421054
2 0.46796875 0.09868421052631579 0.00859375 0.017105263157894738
2 0.459375 0.09868421052631579 0.00390625 0.013157894736842105
2 0.54375 0.12894736842105264 0.0078125 0.010526315789473684
2 0.53671875 0.125 0.0046875 0.009210526315789473
2 0.50859375 0.11842105263157894 0.00546875 0.009210526315789473
2 0.50234375 0.11447368421052631 0.00703125 0.011842105263157895
2 0.48671875 0.10657894736842105 0.00625 0.010526315789473684
2 0.49375 0.10921052631578948 0.00625 0.010526315789473684
2 0.53828125 0.17894736842105263 0.00859375 0.015789473684210527
2 0.3875 0.5171052631578947 0.07265625 0.05526315789473684
2 0.54296875 0.3986842105263158 0.0359375 0.03684210526315789
2 0.615625 0.55 0.015625 0.02236842105263158
2 0.75546875 0.5078947368421053 0.00703125 0.010526315789473684
2 0.73984375 0.4934210526315789 0.00625 0.009210526315789473
2 0.734375 0.4881578947368421 0.0046875 0.009210526315789473
2 0.73046875 0.48289473684210527 0.0046875 0.011842105263157895
1 0.71875 0.4723684210526316 0.0203125 0.02894736842105263