2 0.3669221159719164 0.12433009137609495 0.03801092068857255 0.10352525645213055
2 0.5309449212367267 0.2933617764268534 0.043353185116542826 0.13556401987952515
2 0.5419865702409348 0.5159471282023793 0.033105165879249124 0.09253912460368323
2 0.549640324417286 0.7131492999287607 0.014608137023308565 0.027695237650605
2 0.5146328634400276 0.9668160789236825 0.008030754809323425 0.011292675887762914
2 0.5027603460168325 0.9353267448716829 0.006468254809323426 0.011139403868104948
2 0.4998263189749904 0.9258096745165777 0.006413691106992659 0.008507824920736528
2 0.49681044637965216 0.920239972582525 0.006468254809323426 0.011139403868104948
1 0.4878992378494644 0.8969519194119465 0.022638891832631992 0.03898791353836762
2 0.21173112976691444 0.2844627054692834 0.01638889183263199 0.038374825459736354
2 0.23986850953382882 0.5509159486287692 0.00813988221398514 0.016555833782499755
2 0.23855154619431768 0.5389205713459536 0.00485119110699257 0.00835455290107886
2 0.23258428838976938 0.48691505778380895 0.004905754809323426 0.01098613184844728
2 0.23051335690142366 0.4735272550174801 0.008085318511654283 0.013924254835131334
2 0.22690720726424338 0.4586703907578092 0.006468254809323426 0.011139403868105097
2 0.22567208947822848 0.4427276450539408 0.006577382213985139 0.01640256176284179
2 0.2161259638876653 0.3745494777584411 0.01951389183263199 0.03868136949905213
2 0.2204042361201839 0.39474613592267777 0.00797619110699257 0.008661096940394493
2 0.22010413575736418 0.4092198201332041 0.012827382213985139 0.017015649841473354
2 0.2675470762313846 0.612962007308229 0.006577382213985139 0.01640256176284194