2 0.9045198492378741 0.11559981928681182 0.032948855386194256 0.04172548533908582
2 0.8333079245698392 0.08626819541623466 0.032948855386194256 0.041725485339085856
2 0.7981516745698392 0.08868083948254844 0.040779536104353656 0.04752478635967021
2 0.7714937257995033 0.06287214716306157 0.037609084308955334 0.03415243437248909
2 0.613590322208707 0.047386448831497 0.02353749394987581 0.03055579779859515
2 0.5448903191836448 0.06657819254948137 0.009438632513557366 0.01906442438259595
2 0.5526982740041051 0.06472625994994967 0.0031704517953981435 0.0133723519871811
2 0.5643942981064061 0.05734309789275735 0.023555674668035032 0.035818955693331996
2 0.502748270979043 0.08263126016590003 0.006286361436318444 0.010955230290151694
2 0.5089937257995032 0.0808865561915378 0.007857951795397966 0.013694037862689612
2 0.46684713241536147 0.09562383433427224 0.009438632513557366 0.01906442438259597
2 0.6129691952542945 0.546231502295567 0.07523634933607007 0.07356802663971498
2 0.4937919483775525 0.43069666728213335 0.04395907825883114 0.06352871729421969
2 0.4298248971478886 0.46272461986145136 0.03610112646343318 0.04983467943153019
2 0.4541936380727022 0.504483628802903 0.053343168617910844 0.06680366799260513
2 0.4895816922292324 0.569176247894484 0.051762487899751616 0.06143328147269882
2 0.3923885296614459 0.48371915949709837 0.02980567466803503 0.036247870194010025
2 0.37927545130441875 0.5333148133373549 0.02353749394987581 0.030555797798595113
2 0.38101521330647137 0.5845233741858696 0.01726931323171659 0.024863725403180357
2 0.30961693627730413 0.5012443818942397 0.014135222872636887 0.02201768920547298
2 0.25437999043383436 0.5721562612456519 0.006286361436318444 0.0109552302901516
2 0.24891578561337419 0.5738473509074292 0.006277271077238833 0.008323651342783178
2 0.2527765838179761 0.5604213846076634 0.006277271077238922 0.008323651342783178
2 0.24731237899751593 0.5621124742694409 0.004723861436318444 0.010848001664982121
2 0.25809988807270223 0.5179408212616754 0.006286361436318444 0.0109552302901516
2 0.27055443627730413 0.5039250975234774 0.009420451795398143 0.013801266487859128
2 0.26587602663638377 0.5068783623463543 0.006286361436318444 0.01095523029015175