2 0.9660179098835096 0.7907894736842105 0.019978307326946165 0.039473684210526314
2 0.9680440773417927 0.8763157894736842 0.0106851944820761 0.042105263157894736
2 0.9219912709193576 0.875 0.0372476944820761 0.042105263157894736
2 0.8379504635924112 0.9144736842105263 0.0466226944820761 0.042105263157894736
2 0.6121470386708963 0.4381578947368421 0.08362472749876275 0.07631578947368421
2 0.4780995872914152 0.4276315789473684 0.056489017412854635 0.05789473684210526
2 0.3595952487568046 0.41973684210526313 0.018006371551297563 0.02631578947368421
2 0.34916900384518723 0.5539473684210526 0.02606453301668683 0.034210526315789476
2 0.20664398914586615 0.48947368421052634 0.006741322930778537 0.015789473684210527
2 0.22486172263752277 0.506578947368421 0.006577548620519025 0.010526315789473684
2 0.2300848111721335 0.5144736842105263 0.006577548620519025 0.010526315789473684
2 0.23386823043943888 0.5184210526315789 0.006659435775648781 0.013157894736842105
1 0.247562238241355 0.5302631578947369 0.024665807326946343 0.039473684210526314
2 0.604776115446862 0.9763157894736842 0.02409259724103805 0.021052631578947368
2 0.4449031484635489 0.9421052631578948 0.009866322930778538 0.015789473684210527
2 0.45263376130841915 0.9447368421052632 0.006495661465389091 0.007894736842105263
2 0.5501705026019919 0.9736842105263158 0.026228307326946344 0.039473684210526314
2 0.5377933333346865 0.9697368421052631 0.006741322930778537 0.015789473684210527
2 0.5291586397571215 0.9710526315789474 0.01159259724103805 0.021052631578947368
2 0.48359715626546496 0.9539473684210527 0.006577548620519025 0.010526315789473684
2 0.4913687126879001 0.9552631578947368 0.008221935775648781 0.013157894736842105
2 0.4998396319552055 0.9592105263157895 0.008140048620519025 0.010526315789473684
2 0.5099139948000757 0.9618421052631579 0.00978443577564878 0.013157894736842105
2 0.45311511816039546 0.8539473684210527 0.015127033016686654 0.034210526315789476