2 0.05625 0.1394736842105263 0.03359375 0.031578947368421054
2 0.109375 0.14210526315789473 0.0296875 0.034210526315789476
2 0.18671875 0.11578947368421053 0.04140625 0.034210526315789476
2 0.30390625 0.3157894736842105 0.05390625 0.056578947368421055
2 0.3875 0.575 0.07265625 0.06315789473684211
2 0.50859375 0.6 0.04921875 0.05
2 0.615625 0.618421052631579 0.01484375 0.02236842105263158
2 0.75625 0.5723684210526315 0.00625 0.011842105263157895
2 0.73984375 0.5526315789473685 0.00625 0.009210526315789473
2 0.734375 0.5473684210526316 0.0046875 0.009210526315789473
2 0.73125 0.5421052631578948 0.00546875 0.009210526315789473
1 0.71953125 0.5289473684210526 0.01953125 0.034210526315789476
2 0.340625 0.014473684210526316 0.0140625 0.017105263157894738
2 0.4 0.08157894736842106 0.02109375 0.025
2 0.54375 0.13421052631578947 0.00859375 0.011842105263157895
2 0.5375 0.13026315789473683 0.00390625 0.006578947368421052
2 0.50859375 0.11973684210526316 0.00546875 0.006578947368421052
2 0.50234375 0.11710526315789474 0.00703125 0.011842105263157895
2 0.49453125 0.11052631578947368 0.00703125 0.010526315789473684
2 0.4859375 0.10789473684210527 0.0078125 0.010526315789473684
2 0.44921875 0.09210526315789473 0.02109375 0.030263157894736843
2 0.459375 0.09868421052631579 0.0046875 0.013157894736842105
2 0.4671875 0.09868421052631579 0.009375 0.019736842105263157
2 0.57578125 0.17894736842105263 0.00859375 0.010526315789473684