2 0.4024132608205527 0.4046439306674758 0.019204641066226814 0.02815505370957845
2 0.5099673480467135 0.4454062219087754 0.055733174452321774 0.06589083647749844
2 0.6326379699126103 0.5034140710210352 0.07948892319868044 0.08661096940394522
2 0.7084599870013693 0.7840721584417831 0.06055706677218957 0.07424538937857744
2 0.8987249373179385 0.9937721389189089 0.03501149749271733 0.012455722162182107
2 0.820068739904363 0.9955548470197259 0.046039925705962756 0.008890305960548368
2 0.6029494360642971 0.9907020516170446 0.02393760517284953 0.018595896765910874
2 0.5526311873179385 0.9737015703314191 0.024028533386094963 0.036509606610657164
2 0.543097062944759 0.9635714118976827 0.0033523205331134065 0.013464438776157737
2 0.5352618308914476 0.9614892623257091 0.01125574874635884 0.01949395676918381
2 0.45868495902555073 0.9080029377933561 0.008039820533113407 0.013924254835131334
2 0.46422190518548484 0.9124867582832111 0.004823892319868151 0.00835455290107886
2 0.49264242187853213 0.9323509177949473 0.0063863923198681505 0.008507824920736528
2 0.5005003859851549 0.9357488568406048 0.008039820533113407 0.013924254835131334
2 0.5084265462517117 0.9430941643073152 0.0064318564264908675 0.011139403868104948
2 0.5170884924116457 0.9478845288364859 0.009602320533113407 0.0140775268547893
2 0.2582911877801568 0.41415047937544036 0.008085284639736123 0.016555833782499755
2 0.27432536473976094 0.43936741009833463 0.00643185642649069 0.011139403868105097
2 0.28234245321956297 0.4519758754597818 0.00643185642649069 0.011139403868105097
2 0.2790810608996949 0.4437745945783608 0.0033068564264906895 0.010832859828789317
1 0.2943339878592991 0.4689148892914263 0.024119461599340218 0.041772764505394
2 0.4305228551063425 0.857952256396712 0.009602320533113407 0.0140775268547893