2 0.36640625 0.11447368421052631 0.0265625 0.031578947368421054
2 0.334375 0.15 0.03046875 0.035526315789473684
2 0.43828125 0.2894736842105263 0.0484375 0.04868421052631579
2 0.4125 0.3631578947368421 0.06328125 0.05789473684210526
2 0.54296875 0.49605263157894736 0.06796875 0.05263157894736842
2 0.57421875 0.275 0.06875 0.05789473684210526
2 0.41640625 0.02368421052631579 0.021875 0.019736842105263157
2 0.67734375 0.2381578947368421 0.04609375 0.042105263157894736
2 0.7890625 0.42105263157894735 0.015625 0.038157894736842106
2 0.96640625 0.42894736842105263 0.00703125 0.010526315789473684
2 0.95390625 0.4236842105263158 0.0078125 0.011842105263157895
2 0.8828125 0.36447368421052634 0.015625 0.02236842105263158
2 0.86796875 0.3118421052631579 0.015625 0.02368421052631579
2 0.8796875 0.31842105263157894 0.01171875 0.019736842105263157
2 0.88984375 0.32763157894736844 0.0109375 0.018421052631578946
2 0.89609375 0.33026315789473687 0.0046875 0.014473684210526316
1 0.1046875 0.5236842105263158 0.02265625 0.02368421052631579