2 0.0765625 0.21578947368421053 0.03046875 0.034210526315789476
2 0.05703125 0.13421052631578947 0.03203125 0.030263157894736843
2 0.11015625 0.14342105263157895 0.03203125 0.03289473684210526
2 0.18671875 0.11710526315789474 0.040625 0.035526315789473684
2 0.34140625 0.014473684210526316 0.01171875 0.014473684210526316
2 0.4 0.08157894736842106 0.021875 0.02368421052631579
2 0.50859375 0.11973684210526316 0.00546875 0.007894736842105263
2 0.5015625 0.11710526315789474 0.00703125 0.011842105263157895
2 0.49375 0.1118421052631579 0.0078125 0.009210526315789473
2 0.4859375 0.10789473684210527 0.0078125 0.010526315789473684
2 0.4671875 0.09868421052631579 0.009375 0.019736842105263157
2 0.459375 0.09868421052631579 0.00390625 0.014473684210526316
2 0.44921875 0.09210526315789473 0.02109375 0.030263157894736843
2 0.5375 0.13026315789473683 0.00546875 0.010526315789473684
2 0.54375 0.13421052631578947 0.0078125 0.011842105263157895
2 0.5359375 0.21710526315789475 0.01171875 0.02894736842105263
2 0.38671875 0.575 0.0734375 0.06184210526315789
2 0.5078125 0.6013157894736842 0.05078125 0.05131578947368421
2 0.6359375 0.5039473684210526 0.02109375 0.02894736842105263
2 0.615625 0.618421052631579 0.01640625 0.021052631578947368
1 0.71875 0.5289473684210526 0.02109375 0.034210526315789476
2 0.73984375 0.5526315789473685 0.00625 0.009210526315789473
2 0.73515625 0.5473684210526316 0.00390625 0.010526315789473684
2 0.73125 0.5421052631578948 0.00546875 0.011842105263157895
2 0.75625 0.5723684210526315 0.00703125 0.013157894736842105