1 0.0894140325860637 0.41304621061258434 0.020885502965749536 0.025277591397686268
1 0.10065528011460576 0.43370231091286887 0.02439250494291585 0.041312200600569025
2 0.36872621190236676 0.9938699931202327 0.02401050296574949 0.012260013759534534
2 0.2971960631949611 0.8511970446189289 0.03383117193911023 0.044679186103954445
2 0.32511547475394803 0.8942540218508588 0.030515170950527092 0.0365393137431768
2 0.4028186634989722 0.723698917065975 0.05465300790866543 0.0673251985542723
2 0.5446732410655704 0.780966498624183 0.06090300790866543 0.06781546959161676
2 0.5368036857420936 0.5562404621435098 0.07333934091247088 0.06616443271893802
2 0.696953324069376 0.7955484341068291 0.04652217292769336 0.05355446502074923
2 0.6686545691264602 0.8328771825289722 0.04495967292769336 0.05343189726141304
2 0.7720925869209573 0.6986162559685931 0.03708350593149916 0.050187479517363666
2 0.8398584070731816 0.809394963033458 0.017887836958138337 0.03029561377375043
2 0.8398729945256115 0.7764389423116845 0.024265170950527094 0.036049042705832035
1 0.8030932361226546 0.8407864308845154 0.07260451186299796 0.10025239127539144
2 0.8480064880998208 0.828490138341386 0.017760502965749582 0.02503245587901359
2 0.8606974890884039 0.8215759435739701 0.014635502965749225 0.024787320360341505
2 0.8733884900769873 0.8146617488065544 0.017887836958138337 0.03029561377375043
2 0.9107903309894582 0.7569544914818128 0.014508168973360824 0.019524162465604664
2 0.9090341714076378 0.7001304085947194 0.013009335969555025 0.022033173653636894