2 0.121875 0.5197368421052632 0.0125 0.021052631578947368
2 0.28984375 0.3157894736842105 0.03203125 0.04342105263157895
2 0.33515625 0.14868421052631578 0.03046875 0.035526315789473684
2 0.3890625 0.07763157894736843 0.0140625 0.02894736842105263
2 0.36640625 0.11315789473684211 0.025 0.031578947368421054
2 0.4953125 0.009210526315789473 0.025 0.018421052631578946
2 0.4171875 0.02368421052631579 0.02109375 0.018421052631578946
2 0.678125 0.29342105263157897 0.046875 0.04078947368421053
2 0.6921875 0.41578947368421054 0.05078125 0.04473684210526316
2 0.69921875 0.4868421052631579 0.04921875 0.046052631578947366
2 0.5421875 0.49473684210526314 0.06796875 0.04868421052631579
2 0.7609375 0.3605263157894737 0.0328125 0.038157894736842106
2 0.85078125 0.32105263157894737 0.01953125 0.02368421052631579
2 0.86953125 0.3118421052631579 0.0140625 0.02236842105263158
2 0.88125 0.31973684210526315 0.01328125 0.019736842105263157
2 0.9375 0.37763157894736843 0.00546875 0.011842105263157895
2 0.94296875 0.3815789473684211 0.00546875 0.011842105263157895
2 0.95390625 0.40789473684210525 0.00546875 0.011842105263157895
2 0.96875 0.4342105263157895 0.00625 0.010526315789473684