2 0.05625 0.1368421052631579 0.0375 0.031578947368421054
2 0.11015625 0.14473684210526316 0.03046875 0.031578947368421054
2 0.1875 0.11447368421052631 0.03984375 0.03684210526315789
2 0.340625 0.014473684210526316 0.0140625 0.017105263157894738
2 0.4 0.08157894736842106 0.0203125 0.025
2 0.4484375 0.09078947368421053 0.02109375 0.02894736842105263
2 0.459375 0.09736842105263158 0.0046875 0.014473684210526316
2 0.4671875 0.09868421052631579 0.00859375 0.017105263157894738
2 0.509375 0.11710526315789474 0.00546875 0.009210526315789473
2 0.50234375 0.11447368421052631 0.00703125 0.011842105263157895
2 0.49375 0.10921052631578948 0.00625 0.013157894736842105
2 0.4859375 0.10657894736842105 0.0078125 0.010526315789473684
2 0.53671875 0.125 0.00546875 0.007894736842105263
2 0.54375 0.12894736842105264 0.0078125 0.011842105263157895
2 0.5375 0.18026315789473685 0.0109375 0.018421052631578946
2 0.54296875 0.3986842105263158 0.034375 0.03684210526315789
2 0.38671875 0.5157894736842106 0.07265625 0.05526315789473684
2 0.509375 0.5342105263157895 0.04921875 0.04736842105263158
2 0.61640625 0.55 0.01640625 0.021052631578947368
2 0.75546875 0.5092105263157894 0.00703125 0.010526315789473684
2 0.7390625 0.4934210526315789 0.00546875 0.007894736842105263
2 0.734375 0.48947368421052634 0.00390625 0.009210526315789473
2 0.73046875 0.48289473684210527 0.00625 0.010526315789473684
1 0.71796875 0.4723684210526316 0.01953125 0.030263157894736843