2 0.014618777975818517 0.32024212030055366 0.029237555951637035 0.04574739849584419
2 0.0674960738983257 0.30082015926095296 0.035147889812585584 0.04574739849584419
2 0.13952183808409066 0.24896280519314742 0.04296038981258556 0.04597707040279437
2 0.27679686605990916 0.40175814285387235 0.06221049498543509 0.07547565140052759
2 0.2781871844814515 0.09506435953197617 0.01598871285298138 0.02151197539284781
2 0.393956936988734 0.1353285762086925 0.02568196159934022 0.04020863431276705
2 0.3446017946688659 0.14177638003701135 0.025545569279472158 0.03231389747066179
2 0.40487170493542274 0.13696590635210706 0.006568248746358663 0.01860479015713913
2 0.4127296690420453 0.13456399931168886 0.01130121285298138 0.0213741722486777
2 0.4556302228821113 0.1397745632209678 0.00799435642649069 0.010755987696423943
2 0.44859897288211137 0.13956785850471257 0.008085284639735946 0.016019145591160747
2 0.440050686988734 0.13668364045969889 0.008039820533113407 0.013387566643792363
2 0.430675686988734 0.1364080341713586 0.011164820533113406 0.013479435406572437
2 0.4915449908288 0.14214684346662307 0.011210284639735946 0.01611101435394086
2 0.48453647288211127 0.14062434927668363 0.00643185642649069 0.010710053315033868
2 0.5277181715493278 0.1748052487977102 0.011164820533113406 0.013479435406572437
2 0.3901426490502926 0.6275716425107575 0.08114235141192587 0.08655317976668171
2 0.511600111903274 0.6100789254895386 0.05426160266556703 0.06735124265147208
2 0.6190632709161895 0.5882254306147567 0.019204641066226814 0.02686700205036465
2 0.7512141928612287 0.4946925304081941 0.008039820533113407 0.013387566643792363
2 0.7326687813410308 0.4822992125683556 0.008039820533113407 0.013387566643792363
2 0.7264642454476535 0.479483896095427 0.00799435642649069 0.010755987696423943
2 0.7234074416075875 0.47544465891159426 0.008039820533113407 0.013387566643792214
1 0.7095040659807669 0.46582072316329437 0.024119461599340218 0.04016269993137694