1 0.746875 0.5986842105263158 0.0140625 0.019736842105263157
2 0.72109375 0.5552631578947368 0.009375 0.013157894736842105
2 0.7359375 0.5631578947368421 0.00546875 0.010526315789473684
2 0.73984375 0.5526315789473685 0.00625 0.009210526315789473
2 0.7265625 0.5381578947368421 0.0078125 0.013157894736842105
2 0.73203125 0.5421052631578948 0.0046875 0.009210526315789473
2 0.73515625 0.5473684210526316 0.00390625 0.007894736842105263
2 0.615625 0.6171052631578947 0.01484375 0.021052631578947368
2 0.3875 0.575 0.07109375 0.060526315789473685
2 0.509375 0.6013157894736842 0.0484375 0.05131578947368421
2 0.5234375 0.525 0.04453125 0.04736842105263158
2 0.5171875 0.3828947368421053 0.03671875 0.04342105263157895
2 0.40390625 0.4263157894736842 0.0609375 0.06447368421052632
2 0.32421875 0.32105263157894737 0.06328125 0.06184210526315789
2 0.021875 0.275 0.03203125 0.04342105263157895
2 0.11171875 0.14210526315789473 0.0328125 0.034210526315789476
2 0.18671875 0.11578947368421053 0.04140625 0.035526315789473684
2 0.24921875 0.12631578947368421 0.03984375 0.03684210526315789
2 0.2953125 0.09605263157894736 0.034375 0.031578947368421054
2 0.46796875 0.1 0.009375 0.018421052631578946
2 0.44921875 0.09342105263157895 0.021875 0.03289473684210526
2 0.4 0.08289473684210526 0.021875 0.025