2 0.7548802067816442 0.3334003363606722 0.019987168320799498 0.045839603247107834
2 0.7607899125298314 0.4624855499244554 0.014644696856846906 0.021879702435330876
2 0.7588271521907491 0.44791996895210867 0.009666098428423453 0.011077696360396024
2 0.7589898180303493 0.4255974962803873 0.026237168320799496 0.0462071902943894
2 0.7562715405277594 0.6093485387870748 0.011446922249741042 0.019064329964321676
2 0.757506554795783 0.5975983302857373 0.00490582382131759 0.008170427127566432
2 0.75832203804656 0.542473017533731 0.006541098428423453 0.010893902836755244
2 0.7579581650110307 0.529315122796889 0.00981164764263518 0.016340854255132865
2 0.7590476300648425 0.5123017564008145 0.008321922249741043 0.018880536440680898
2 0.7586473697257604 0.4978280721902883 0.009884422249740865 0.018972433202501287
2 0.5800749518192456 0.1891271146255501 0.05149403349844608 0.1133751154059057
2 0.4326627584770554 0.38670017933557305 0.05876287799792799 0.15058480771634522
2 0.4460617865988179 0.6173768726585016 0.04488016046291676 0.0998496336217821
2 0.4610040440424161 0.8192440427031082 0.016571069892376045 0.03512949393399337
1 0.5431873054149555 0.9878446686330113 0.026237168320799496 0.024310662733977265
2 0.7355802049196175 0.6790686673196266 0.009884422249741042 0.018972433202501287