2 0.9336653231551549 0.6473145722280411 0.013073002965749581 0.024542039527671918
2 0.9241284970714314 0.7044587086939598 0.014571835969555025 0.02201768920547298
2 0.9371842539915137 0.7605260812774678 0.014635502965749581 0.024649268152841398
2 0.9428930845238614 0.7385865747255145 0.014635502965749581 0.024649268152841398
2 0.9312698350181531 0.7417297284577957 0.016261669961944135 0.0273880757253793
1 0.9602251645619176 0.7135039144412794 0.02276633794672165 0.0383433060155309
1 0.8423346690105419 0.7408808547178709 0.09801568874502423 0.18274950698385414
2 0.7499429446765232 0.27477865041958327 0.040335839923887916 0.05531229457660599
2 0.627754926882026 0.12452401174880641 0.043397172927693364 0.05289517287957653
2 0.4486788750185905 0.36313320913990466 0.09154551285158127 0.10874361058203007
2 0.479379729771226 0.5360087273467335 0.08166117688202608 0.08704760725206567
2 0.31114704152049333 0.3523813006513043 0.05640650889724856 0.07480563345988003
2 0.22336054003761854 0.3345343923786544 0.03395850593149898 0.04962022218119108
2 0.18945377224312143 0.19033817102995437 0.03383117193911027 0.044357064286454244
2 0.15228935326976067 0.16939724570689213 0.022575336958138337 0.030448569173425637
2 0.13829052026595506 0.17106376702773501 0.017824169961943914 0.027495304350548703
2 0.12435535425834385 0.17536186729594633 0.019386669961943916 0.027602532975718255
2 0.060895032128953176 0.2603319492493536 0.011383168973360735 0.01917165300776545
1 0.048872534600411105 0.27921096235326076 0.02914367193911026 0.044035378410945805