2 0.17556239124253467 0.08275275513833551 0.04745688145888893 0.044862166012506394
2 0.08937031810427079 0.09611948586979306 0.03651938145888893 0.0442188886797637
2 0.03408340606017357 0.07969925608832718 0.039680749050069464 0.04703426115077287
2 0.4085203616072569 0.08591905686009975 0.026962543502986235 0.03050961337199926
2 0.46060953846899305 0.10741865101266172 0.027108013867708357 0.041035929161472945
2 0.4815396343086805 0.12050136256039488 0.011228440729444423 0.0216959089116901
2 0.4722010018998611 0.11731840304210411 0.003343205547083272 0.015973267207851305
2 0.5241628921924653 0.14802852351045556 0.0063954703647222996 0.010893902836755244
2 0.5171861935792361 0.14366761966121117 0.007994337955902786 0.013617378545944055
2 0.5086833625571874 0.13658324010277798 0.0063954703647222996 0.010893902836755244
2 0.5001805315351389 0.12949886054434478 0.009593205547083272 0.016340854255132865
2 0.5575923348217706 0.21847130490208305 0.014389808320624909 0.0245112813826993
2 0.4242869127096872 0.41606108318481744 0.05399782218833345 0.06628238463873536
2 0.36516387300642333 0.6206475366013887 0.08386716014423605 0.08118631785016472
2 0.49581380775194417 0.6717879172258803 0.05556032218833344 0.06637428140055575
2 0.6102211466577774 0.7101212765881 0.020712543502986236 0.03014202632471755
2 0.7661444915475345 0.6863702675471233 0.008030705547083272 0.016248957493312326
1 0.7285724095755552 0.6328030074088397 0.02554551386770836 0.04094403239965255
2 0.7500655498681594 0.6617211410216935 0.0063954703647222996 0.010893902836755244
2 0.7416172702328817 0.6506893930422076 0.0063954703647222996 0.010893902836755244
2 0.7446695350505206 0.6561363444605853 0.0063954703647222996 0.010893902836755244
2 0.5544134366453819 0.16560998405016367 0.006431837955902786 0.013525481784123664
2 0.562171385258611 0.17001683628031825 0.009593205547083272 0.016340854255132865