1 0.6841097672630245 0.548118313047329 0.06552684091247105 0.062409625426465706
2 0.6328218398867068 0.6321976958230163 0.021012836958138336 0.02954451537912318
2 0.7539301773391367 0.6028399063479446 0.012945668973360825 0.01878852768269939
2 0.7544395133086919 0.5817872747689973 0.011319501977166269 0.01611101435394086
2 0.7596681827763442 0.5595566568605358 0.009629667984777513 0.010801922077814054
2 0.7548361027382879 0.5330800970519863 0.00975700197716627 0.016065079972550897
2 0.7617400187458992 0.5385499596629785 0.006504667984777513 0.010710053315033831
2 0.7647695182516078 0.5425891968468112 0.004942167984777512 0.010664118933643869
2 0.770110934259219 0.5480131250764132 0.006504667984777513 0.010710053315033831
2 0.5157935073771928 0.6221736698503418 0.05765067391627667 0.05954837457214688
2 0.38173684235816474 0.6050654183139557 0.08465884288963732 0.07875031168735667
2 0.30626329296618704 0.3316012317120309 0.07684634288963732 0.07852063978040642
2 0.06574306372643371 0.15862302734027814 0.03851867193911027 0.04320768831125584
2 0.1511049021674468 0.12031401025113007 0.046394838935304696 0.046068939165574516
2 0.19585898665412715 0.11241261380495694 0.04645850593149907 0.04870051811294294
2 0.35662007311797383 0.09212088789743667 0.03670150395433271 0.03263543814039212
2 0.3855090770723065 0.06136875939403646 0.027326503954332716 0.032359831852051824
2 0.46100382558943187 0.0754386821546116 0.011446835969555025 0.0213741722486777
2 0.4392879930799178 0.06821665344672989 0.02745383794672147 0.03762298974678869