2 0.9714164577473264 0.07438998097095759 0.03604658430895533 0.03228323481523406
2 0.912859069183645 0.08606459151066988 0.03608294574527378 0.042809550604707765
2 0.8284068011314683 0.06534971489838191 0.045448855386194253 0.040361698817377514
2 0.5939727137974506 0.052837630741441655 0.02509999394987581 0.029437307514487768
2 0.4449675872358217 0.11760405996854056 0.006286361436318444 0.010648800562832449
2 0.4363920179539809 0.12303563442664574 0.009420451795397966 0.01334162189688029
2 0.47539543061996337 0.10516484143525859 0.006286361436318444 0.010648800562832449
2 0.4824130450813439 0.10107967764417732 0.007848861436318444 0.01067942175617216
2 0.4909886143631847 0.09564810318607214 0.007848861436318444 0.01067942175617216
2 0.4987874788245653 0.09154762879832103 0.006286361436318444 0.010648800562832449
2 0.520621572208707 0.07927682682840739 0.010992042154477844 0.016003822037588385
2 0.5292198673882468 0.08042419973872326 0.004742042154477666 0.01588133726422962
2 0.5401210059519284 0.0696835355958717 0.02199317466803503 0.034639223022545226
2 0.44595337031511306 0.17679927568766018 0.009438632513557366 0.01860477979161713
2 0.6229618187908615 0.5286175493316811 0.07991475897699055 0.06735115454453498
2 0.49104419827935664 0.5640997770109908 0.05488748789975162 0.05896647860899466
2 0.44834763817089807 0.41755812817853105 0.040779536104353475 0.04553299313209532
2 0.37473339704969266 0.5940126348621666 0.01726931323171659 0.02402104365305245
2 0.21836976756119744 0.564180017354031 0.006286361436318444 0.010648800562832524
2 0.23627943022717993 0.5467226104727297 0.006277271077238833 0.008017221615464103
2 0.24094874950902065 0.5413675889979739 0.004723861436318444 0.010618179369492664
2 0.2456089784317818 0.5333809885758495 0.009420451795398055 0.013341621896880365
1 0.25962148145684394 0.5186317136252658 0.023564765027114642 0.0373014231632534