1 0.8801157886708963 0.3943592101251813 0.021295145861557074 0.032574372018686105
2 0.7697990863869041 0.4299823469059606 0.03831222749876275 0.07807692539338375
2 0.7649345239715752 0.3356283604354147 0.03634029172311397 0.06484245952959827
2 0.6725168933751662 0.7737057286618492 0.03584896879233561 0.04905298584538789
1 0.5791929392821518 0.8899506737242561 0.09768058344622813 0.130910057090292
2 0.43206006897404964 0.5043398760409102 0.077292840343633 0.0773596246196019
2 0.22106725802905874 0.7170022726178724 0.040700243102595034 0.054545857120955
2 0.3110338387617534 0.7086520643975707 0.058379066033373575 0.07117761320154369
2 0.18413714608869963 0.6754572125964083 0.024583920171816497 0.03799067216730984
2 0.1867332016066236 0.7173710479369444 0.03256019448207601 0.043636685696764
2 0.028299903890615753 0.6949181449904408 0.014635710085908272 0.019110192774070056
2 0.1430717328142881 0.7668068894170494 0.033958920171816495 0.03845009892897068
2 0.11741995759951743 0.8140463734636205 0.018006371551297518 0.027158071870062365
2 0.10348028833221205 0.810788145185059 0.016443871551297517 0.027081500743118842
2 0.09044469979760131 0.8035442629219732 0.018006371551297518 0.027158071870062365