2 0.014532216135141687 0.813554426015505 0.023592036104353502 0.04657535849530572
2 0.06455494203284073 0.8162112050851683 0.0376545361043535 0.04767846832933174
2 0.14439697813719424 0.8546970914642862 0.04546703610435352 0.048291307126012394
2 0.3673395744482022 0.9201259226009857 0.02354658430895542 0.03341746375846361
2 0.3624333849494442 0.6309586577887998 0.05962953005422929 0.07834178538109074
2 0.3897447978118184 0.3932261223312748 0.08310339149054773 0.09070661756060698
2 0.5209947978118185 0.3829304305470357 0.05646816861791084 0.06757033407294467
2 0.6342942285299776 0.3793074258898994 0.01728749394987581 0.03029561377375073
2 0.779883984481906 0.44817178216637144 0.007867042154477666 0.01640231248089148
2 0.7611930718159235 0.4667478584363003 0.006286361436318444 0.011016586826818447
2 0.755737957354543 0.4711242140150296 0.004723861436318444 0.010894019067482257
2 0.7518453428931624 0.4753780018344227 0.006286361436318444 0.011016586826818447
1 0.7378192043294809 0.48700742745792197 0.023573855386194255 0.041312200600569025
2 0.5296123154712118 0.8415894019458122 0.014144313231716587 0.024787320360341206
2 0.4196833244482022 0.9160199026632235 0.025136355386194253 0.041434768359905366
2 0.431383893730043 0.9098374865734654 0.006304542154477666 0.01627974472155529
2 0.4399867340891226 0.9117949428444849 0.011019313231716588 0.024542184841668827
2 0.4602855985505031 0.9062541935520618 0.009438632513557366 0.019156459187596092
2 0.46886571301188373 0.9016327024546602 0.006286361436318444 0.011016586826818447
2 0.47745037265280404 0.8983270008309427 0.009438632513557366 0.019156459187596092
2 0.4852583274732643 0.8963983725605776 0.006286361436318444 0.011016586826818447
2 0.5235123063960254 0.885500725614736 0.011001132513557365 0.019279026946932284
2 0.5149231015755652 0.8874906377647691 0.006286361436318444 0.011016586826818447