2 0.56015625 0.5533899707183428 0.0421875 0.10109213168590034
2 0.525 0.7450237206292154 0.0546875 0.14166913756554322
2 0.4359375 0.5647941326841276 0.040625 0.09569105858252391
2 0.40546875 0.6673679440103927 0.04375 0.11175636268401362
2 0.36953125 0.7918274731590507 0.046875 0.11466377204866136
2 0.21953125 0.8496402447085981 0.021875 0.0703518655525332
2 0.25703125 0.7661081044527902 0.028125 0.07879826322919682
1 0.26484375 0.5457450489170408 0.0421875 0.1274079211595844
2 0.2484375 0.5350864129105356 0.015625 0.04085283629692221
2 0.2921875 0.4771059334892861 0.0171875 0.0409907515055618
2 0.26484375 0.49048189102230394 0.0109375 0.019386459092056073
2 0.278125 0.4653383808220561 0.015625 0.03558967840218537
2 0.30078125 0.40681183555785644 0.0125 0.027419111142800927
2 0.578125 0.17339704824927696 0.009375 0.013985385988679567
2 0.55546875 0.21481833035558198 0.0109375 0.02464961698679284
2 0.571875 0.16100328215156073 0.0078125 0.016479049727408435
2 0.5640625 0.17478739031888915 0.0109375 0.019386459092056073