2 0.8099923914505428 0.8777358296161214 0.03009029172311415 0.06481203644960912
2 0.7312875373120999 0.9140015118373822 0.03371325870642714 0.03087720041928067
2 0.791978296584354 0.6006556312396754 0.020060194482076098 0.04320802429973942
2 0.7769397947753317 0.5198118579658173 0.0247476944820761 0.04348371458520058
2 0.7695843181810801 0.48465312922362525 0.01471759724103805 0.021879702435330876
2 0.6571706066248338 0.7707224966857579 0.04727114767057934 0.11573100406781302
2 0.624906983264514 0.6645278499373299 0.042010437584671045 0.09703426115077275
2 0.5764484718445533 0.5157851697946166 0.03872166327441153 0.09158730973239514
2 0.5466104856393631 0.4120842568508264 0.035105340343633176 0.07561404252454398
2 0.4865814676606817 0.6963908722656603 0.05442190637700648 0.1450459595361472
2 0.45186455167273676 0.4862029087152694 0.04381859905006032 0.10502089475469856
2 0.5058792650380054 0.2852964623325529 0.026637743102595125 0.05410192713649466
2 0.5040810696514182 0.20235577710953745 0.018252033016686653 0.035221390695813766
2 0.4883365609449909 0.17428142792577847 0.01652575870642714 0.02986633603925653
2 0.4593550678423958 0.12325804231026688 0.011674484396167806 0.024327487859058517
1 0.4252733169378847 0.0843984006242845 0.019978307326946342 0.040576445352370996
2 0.4158131077564876 0.10736415062874861 0.01159259724103805 0.0216959089116901
2 0.4108423247398008 0.07338336621751011 0.009866322930778538 0.016340854255132865
2 0.4453777770237929 0.1016707437331086 0.011510710085908116 0.019064329964321676
2 0.44262459124814424 0.08865069413899708 0.011510710085908293 0.019064329964321676
2 0.4561105591359686 0.09444851903194483 0.011510710085908293 0.019064329964321676
2 0.4518358169378847 0.0828361556733379 0.006577548620519025 0.010893902836755244
2 0.4444360747398008 0.07140758583837176 0.006577548620519025 0.010893902836755244
2 0.4350201311622359 0.07064317693560988 0.008221935775648781 0.013617378545944055
2 0.42257212008095946 0.29942346540573317 0.02293953301668683 0.03549708098127493