2 0.01553925365755191 0.7118421052631579 0.03107850731510382 0.042105263157894736
2 0.0696500448341663 0.7263157894736842 0.03659211664125004 0.04736842105263158
2 0.14470394301055517 0.7789473684210526 0.04600348423243057 0.05
2 0.28994566745934 0.6144736842105263 0.06195579255305557 0.07368421052631578
2 0.2863264389264926 0.9328947368421052 0.01591594072944442 0.021052631578947368
2 0.3557310555677426 0.8855263157894737 0.025436411094166722 0.031578947368421054
2 0.4064213865897912 0.8921052631578947 0.025509146276527873 0.03684210526315789
2 0.4189577541809718 0.8894736842105263 0.006468205547083272 0.015789473684210527
2 0.42753332038538155 0.8907894736842106 0.0112284407294446 0.021052631578947368
2 0.5422140694354509 0.8460526315789474 0.012681837955902785 0.013157894736842105
2 0.5089106069545135 0.881578947368421 0.011192073138263935 0.018421052631578946
2 0.5010799231589231 0.8828947368421053 0.007994337955902786 0.013157894736842105
2 0.4714106069545134 0.881578947368421 0.007994337955902786 0.013157894736842105
2 0.44633787177215234 0.8868421052631579 0.011119337955902786 0.013157894736842105
2 0.4549498055677426 0.8855263157894737 0.009556837955902786 0.013157894736842105
2 0.46434298936333296 0.8842105263157894 0.007994337955902786 0.013157894736842105
2 0.4096250006655901 0.37763157894736843 0.08245013050895836 0.0868421052631579
2 0.5352062289140971 0.39210526315789473 0.057195557370694414 0.06842105263157895
2 0.6450897219802428 0.4118421052631579 0.01755117591180557 0.02631578947368421
2 0.7820617386977429 0.506578947368421 0.008030705547083272 0.015789473684210527
2 0.7623668345374303 0.5184210526315789 0.007994337955902786 0.013157894736842105
2 0.7568435331506594 0.5223684210526316 0.0063954703647222996 0.010526315789473684
2 0.7528827317638886 0.5263157894736842 0.007994337955902786 0.013157894736842105
1 0.7394560113991664 0.5368421052631579 0.025581881458888844 0.042105263157894736