2 0.36875 0.1118421052631579 0.02109375 0.02763157894736842
2 0.33515625 0.15 0.03125 0.035526315789473684
1 0.40390625 0.02631578947368421 0.0453125 0.04342105263157895
2 0.628125 0.03684210526315789 0.02421875 0.031578947368421054
2 0.54296875 0.49605263157894736 0.06875 0.05131578947368421
2 0.84296875 0.3144736842105263 0.02265625 0.02894736842105263
2 0.865625 0.3092105263157895 0.0109375 0.018421052631578946
2 0.87890625 0.31842105263157894 0.0109375 0.018421052631578946
2 0.8859375 0.3447368421052632 0.01640625 0.02368421052631579
2 0.8875 0.325 0.00859375 0.015789473684210527
1 0.91328125 0.3592105263157895 0.02890625 0.02763157894736842
1 0.95546875 0.41710526315789476 0.01640625 0.02631578947368421
2 0.934375 0.4144736842105263 0.0109375 0.015789473684210527