2 0.3875 0.575 0.07265625 0.06315789473684211
2 0.509375 0.6 0.05 0.04868421052631579
2 0.61640625 0.618421052631579 0.01484375 0.02236842105263158
2 0.3046875 0.3157894736842105 0.053125 0.056578947368421055
2 0.05390625 0.1394736842105263 0.034375 0.030263157894736843
2 0.11015625 0.14342105263157895 0.03203125 0.034210526315789476
2 0.18671875 0.11710526315789474 0.03984375 0.035526315789473684
2 0.33984375 0.014473684210526316 0.01484375 0.015789473684210527
2 0.4 0.08157894736842106 0.021875 0.025
2 0.44921875 0.09210526315789473 0.021875 0.02894736842105263
2 0.46796875 0.1 0.0078125 0.018421052631578946
2 0.459375 0.09868421052631579 0.00390625 0.013157894736842105
2 0.54453125 0.13289473684210526 0.00703125 0.013157894736842105
2 0.53671875 0.13026315789473683 0.00625 0.010526315789473684
2 0.4859375 0.10789473684210527 0.00859375 0.011842105263157895
2 0.49453125 0.11052631578947368 0.00703125 0.010526315789473684
2 0.5015625 0.11710526315789474 0.00703125 0.013157894736842105
2 0.50859375 0.11973684210526316 0.00546875 0.009210526315789473
2 0.56953125 0.1763157894736842 0.009375 0.010526315789473684
2 0.75625 0.5710526315789474 0.00703125 0.011842105263157895
2 0.73984375 0.5526315789473685 0.00546875 0.007894736842105263
2 0.73515625 0.5473684210526316 0.0046875 0.007894736842105263
2 0.73203125 0.5421052631578948 0.00625 0.010526315789473684
1 0.71953125 0.5289473684210526 0.02109375 0.03289473684210526