2 0.40578319561850174 0.8204807573429779 0.05491013192686935 0.1225684661648188
2 0.24450755541946473 0.6300624299354644 0.02787244292790545 0.04814930553626243
2 0.2435957187778656 0.7195820485273807 0.023112168320799587 0.04537992344472382
2 0.26864060649570326 0.9686307457263255 0.02696491439185813 0.06273850854734903
2 0.23174638213626642 0.8087801264495666 0.021549668320799586 0.04533398906333356
2 0.2454536253118409 0.5958519036196749 0.014571922249741043 0.01883446206408935
2 0.24678068486513477 0.5761380287051068 0.014644696856846906 0.021466041011457774
2 0.26655168341739277 0.48322225426881826 0.01627997146395277 0.024143554340216304
2 0.2545247183635808 0.4657495160598032 0.00981164764263518 0.016065079972550748
2 0.3175469491331585 0.5900701483215117 0.034486315963434676 0.06149093779866468
2 0.356725073202145 0.41739649418577696 0.031070217535011223 0.05087275324641092
2 0.42568478081235883 0.6380223971240782 0.04658820967712849 0.10391774162628975
2 0.45111496629666625 0.7928425187915417 0.061451230355292805 0.13327851947985292
2 0.5602674501666158 0.4365488256940201 0.046442660462916764 0.0986545837315529
2 0.5611856331697237 0.6578081619892227 0.06032537799792799 0.1490220587826732
2 0.4917829315553659 0.1421927778480131 0.01806079528527036 0.032084225563711564
2 0.4921682293218355 0.043439665749612236 0.011446922249740865 0.018742593301309278
2 0.4981100142680236 0.026495172926582655 0.011374147642635179 0.01611101435394085