2 0.334375 0.15 0.03046875 0.034210526315789476
2 0.11953125 0.5013157894736842 0.01171875 0.018421052631578946
2 0.12578125 0.48289473684210527 0.0109375 0.015789473684210527
2 0.11796875 0.4776315789473684 0.0109375 0.017105263157894738
2 0.1375 0.45394736842105265 0.01171875 0.018421052631578946
2 0.1296875 0.41578947368421054 0.01015625 0.02631578947368421
2 0.4828125 0.4236842105263158 0.0609375 0.04342105263157895
2 0.54296875 0.49473684210526314 0.06875 0.05131578947368421
2 0.7796875 0.3631578947368421 0.0390625 0.04736842105263158
2 0.75859375 0.4105263157894737 0.0359375 0.04342105263157895
2 0.6859375 0.41710526315789476 0.0515625 0.05263157894736842
1 0.67890625 0.33026315789473687 0.1375 0.08947368421052632
2 0.83046875 0.3171052631578947 0.025 0.03289473684210526
2 0.86796875 0.3105263157894737 0.01484375 0.021052631578947368
2 0.8796875 0.31973684210526315 0.0109375 0.021052631578947368
2 0.8921875 0.32894736842105265 0.01484375 0.021052631578947368
1 0.94765625 0.45394736842105265 0.0234375 0.02894736842105263
2 0.9375 0.43157894736842106 0.00859375 0.014473684210526316