2 0.006409602164740434 0.27226124687594266 0.011092036104353501 0.04495119045864098
2 0.07106699980360827 0.2170430989312926 0.05019998789975157 0.058874615028975535
2 0.23334935206654456 0.3770317001574761 0.07530907220870704 0.0909435014908318
2 0.28082834006449203 0.3247819642869311 0.05805793969514968 0.0721856157325162
2 0.35908060509160666 0.3600930098831043 0.058067030054229286 0.07481719467988461
2 0.3706766352440318 0.3243370351435828 0.056486349336070066 0.06952341559180798
2 0.34905668617910823 0.6247810424470084 0.08627384328594587 0.09905258668631488
2 0.4810197584860111 0.6024567095045409 0.06275453005422929 0.07490905825990359
2 0.5821686471478885 0.4807294898321975 0.031404536104353474 0.04534926597205706
2 0.5438828519683486 0.4801639195953359 0.03611930718159222 0.053335866394181454
2 0.2933141836450255 0.09425852624880691 0.02668067466803503 0.03473108660256432
2 0.3471977077473264 0.08662314771016631 0.026707945745273954 0.04262582344466958
2 0.3682914577473264 0.08620976160008043 0.012581813231716588 0.02392918007303336
1 0.4769852016972022 0.11302895708402413 0.03765453610435347 0.0454717507454159
2 0.5981299904338344 0.5777916989514321 0.01884999394987581 0.029314822741129003
2 0.6320822887366322 0.45474961164532723 0.021974993949875808 0.029376065127808423
2 0.7314646652000653 0.500173586920888 0.007857951795397966 0.013311000703540505
2 0.7353754603796051 0.5014128234112231 0.006286361436318444 0.010648800562832524
2 0.7354209121750032 0.5145707181480651 0.007857951795397966 0.013311000703540505
2 0.7211675146343313 0.45958315099338554 0.007857951795397966 0.013311000703540505
2 0.705501608018473 0.4480472576636246 0.011001132513557365 0.01863540098495677
2 0.7109794483775526 0.45057166243430413 0.007857951795398143 0.013311000703540505
2 0.7141226290957118 0.4557735779423615 0.006295451795398144 0.013280379510200946