2 0.06171875 0.21578947368421053 0.03203125 0.035526315789473684
2 0.05390625 0.13815789473684212 0.03515625 0.035526315789473684
2 0.11015625 0.14473684210526316 0.03125 0.034210526315789476
2 0.18671875 0.11710526315789474 0.040625 0.034210526315789476
2 0.3875 0.575 0.071875 0.06184210526315789
2 0.509375 0.5986842105263158 0.04921875 0.04736842105263158
2 0.61640625 0.6171052631578947 0.015625 0.021052631578947368
2 0.62734375 0.49736842105263157 0.02109375 0.02763157894736842
2 0.75625 0.5723684210526315 0.00625 0.013157894736842105
2 0.73984375 0.5526315789473685 0.00625 0.009210526315789473
2 0.734375 0.5460526315789473 0.00546875 0.010526315789473684
2 0.73125 0.5421052631578948 0.00546875 0.011842105263157895
1 0.71875 0.5289473684210526 0.01953125 0.031578947368421054
2 0.33984375 0.013157894736842105 0.0140625 0.015789473684210527
2 0.4 0.08157894736842106 0.021875 0.02631578947368421
2 0.54375 0.13289473684210526 0.00859375 0.013157894736842105
2 0.53671875 0.13026315789473683 0.0046875 0.007894736842105263
2 0.4484375 0.09342105263157895 0.02109375 0.034210526315789476
2 0.459375 0.09868421052631579 0.0046875 0.014473684210526316
2 0.4671875 0.09868421052631579 0.00859375 0.018421052631578946
2 0.50859375 0.11973684210526316 0.00625 0.007894736842105263
2 0.5015625 0.11710526315789474 0.00703125 0.011842105263157895
2 0.49375 0.1118421052631579 0.00703125 0.009210526315789473
2 0.48515625 0.10789473684210527 0.009375 0.011842105263157895
2 0.53515625 0.2131578947368421 0.0109375 0.02763157894736842