2 0.5968426892083609 0.8486842105263158 0.04346320967712849 0.10263157894736842
2 0.444259306452922 0.4618421052631579 0.036922111248705036 0.09210526315789473
2 0.44443262675958295 0.6815789473684211 0.04753427956950453 0.1368421052631579
2 0.7549698664205007 0.6960526315789474 0.018351893713693813 0.042105263157894736
2 0.7537027729544761 0.5723684210526315 0.011374147642635179 0.015789473684210527
2 0.7524848753118409 0.5881578947368421 0.00803082382131759 0.007894736842105263
2 0.7551004530620998 0.6065789473684211 0.02303939371369381 0.042105263157894736
2 0.7176090692732036 0.38026315789473686 0.00668664764263518 0.015789473684210527
2 0.7411171898275335 0.4342105263157895 0.00981164764263518 0.015789473684210527
2 0.7423158167920042 0.4473684210526316 0.00490582382131759 0.007894736842105263
2 0.7456205992569929 0.49736842105263157 0.006541098428423453 0.010526315789473684
2 0.7468192262214637 0.5105263157894737 0.009738873035529316 0.013157894736842105
2 0.7487627158823814 0.525 0.006541098428423453 0.010526315789473684
2 0.7499249555432993 0.5394736842105263 0.00668664764263518 0.015789473684210527
2 0.4457019900752025 0.26842105263157895 0.014863020678164317 0.02894736842105263
2 0.5024507578578828 0.05263157894736842 0.006541098428423453 0.010526315789473684
2 0.5045397967330123 0.06184210526315789 0.004905823821317412 0.007894736842105263
2 0.5075192475188006 0.06710526315789474 0.006541098428423453 0.010526315789473684
1 0.5146403887512949 0.09210526315789473 0.02296661910658777 0.039473684210526314
2 0.4923865531431531 0.021052631578947368 0.006541098428423453 0.010526315789473684