2 0.020971998529661962 0.29690904095350873 0.024911468792335533 0.048287181250877234
2 0.0688362884437537 0.2765892172455555 0.04061835594746528 0.051531266997076094
2 0.14051321460846405 0.2171314879226314 0.04530585594746528 0.051715019036725166
2 0.34546298620519006 0.09184925900035039 0.026064533016686743 0.03519053719391817
2 0.510549075644312 0.11831267445473612 0.01471759724103805 0.021603887697894734
2 0.3951763811622359 0.08067871092830353 0.026228307326946344 0.040453695088655005
2 0.4077173247398008 0.0815044949629234 0.006823210085908293 0.01866605535111111
2 0.415447937584671 0.07856666261613976 0.013236984396167805 0.024174215965380136
2 0.4358423247398008 0.08040198272502863 0.011510710085908293 0.01884980739076024
2 0.4444360747398008 0.08006510398567189 0.008303822930778536 0.016095727083625746
2 0.4530707683173657 0.08104401471999936 0.009948210085908293 0.018788556710877202
2 0.46014296189493054 0.08208417613420987 0.008221935775648781 0.013464148136257324
2 0.4905707683173657 0.07957399840280634 0.006659435775648781 0.013402897456374288
2 0.49764296189493057 0.08061415981701683 0.008385710085908294 0.018727306030994165
2 0.5415755048612401 0.5623757590812858 0.05846095318850324 0.07325765605473682
2 0.4165312392574078 0.5909906493381866 0.0889673247398008 0.10073720844619899
2 0.337654887493814 0.36880818061280657 0.0649566146538925 0.08139739561637438
2 0.6509538268875075 0.5330575861495312 0.021131371551297563 0.027112048312163718
2 0.7822171149925768 0.4277900276795896 0.008303822930778536 0.016095727083625746
2 0.7630576792169281 0.415367141101344 0.008221935775648781 0.013464148136257324
2 0.7526557677515389 0.4078705336784785 0.008221935775648781 0.013464148136257324
2 0.7567257920617984 0.4129805648735077 0.008221935775648781 0.013464148136257324
1 0.7376072998637144 0.40187346776894634 0.027954581637205857 0.04577810366327496