2 0.3920575770351255 0.7278242816084026 0.03810217787060939 0.09053017498249753
2 0.5270374134989723 0.7067746384079467 0.0419911818249421 0.1222009911136985
2 0.5468471892021348 0.5019478571364152 0.03172484387822046 0.08508327956220024
2 0.5621777119395478 0.3206904504377245 0.014762836958138337 0.029360777853563037
2 0.23298366597043016 0.6783791654106598 0.01651633794672147 0.03730144907705841
2 0.24123917635055353 0.5956681660941147 0.021203837946721472 0.0374392522212286
2 0.24594126380298337 0.5628882652054845 0.012882001977166357 0.016156948735330818
2 0.2448098453239142 0.5773389822253158 0.009566000988583134 0.008170343130445632
2 0.25934718920213473 0.4934959309606467 0.006504667984777513 0.010710053315033831
2 0.25746635422116276 0.5066078913160987 0.008067167984777513 0.010755987696423943
2 0.2540230192401909 0.5196739172901608 0.006504667984777513 0.010710053315033831
2 0.2521103507611217 0.5341016671192971 0.006632001977166358 0.015973211209770674
2 0.2701546966165086 0.43456101093319754 0.008194501977166358 0.016019145591160786
2 0.2675244451336338 0.44633421462427036 0.006504667984777513 0.010710053315033831
2 0.2944689471108002 0.4313256254236906 0.011319501977166357 0.01611101435394086
2 0.1907524036131405 0.7758920492115294 0.009884335969555114 0.021328237867287738
1 0.5132229001902804 0.14676026041783136 0.019577670950527093 0.03476173889247002
2 0.5207634861598356 0.12591433355513917 0.006504667984777513 0.010710053315033868
2 0.5240794871484187 0.11811146547581401 0.006504667984777513 0.010710053315033868
2 0.5281449046389047 0.11164735406086808 0.006504667984777513 0.010710053315033868
2 0.5398145750951402 0.08170573683586156 0.008130834980972067 0.013387566643792325