2 0.5080615677308542 0.9817765841895757 0.029271420171816588 0.03644683162084866
2 0.44008617367831954 0.928167604817213 0.013236984396167628 0.02454203952767162
2 0.44773489936806 0.9339669058377974 0.008385710085908294 0.018957195757426343
2 0.459126100747541 0.9452974363160423 0.0309976944820761 0.04414260703611513
2 0.3664749332892579 0.8532301743912291 0.011510710085908293 0.019171653007765597
2 0.3733424089789984 0.8589758610992287 0.008221935775648781 0.013694037862689799
2 0.40073042458283065 0.8845901868785955 0.008221935775648781 0.013694037862689799
2 0.4226496901866629 0.9098292124698691 0.011428822930778538 0.01654007406039718
2 0.41504190807448726 0.9027141219756004 0.00978443577564878 0.013801266487858978
2 0.4075160131174414 0.8929674525339635 0.011428822930778538 0.01654007406039718
2 0.35557173281428806 0.8010565559161887 0.01471759724103805 0.02201768920547298
2 0.6436416208739291 0.7773119560032136 0.06988977611928178 0.09145293614544639
2 0.6140370872914154 0.47068387195292327 0.09217421189493055 0.10611203163466164
2 0.49153464552287274 0.3818424240446263 0.06183161465389268 0.08302205617749372
2 0.3834255744011165 0.3084933322859659 0.021295145861557074 0.03297291949562458
2 0.2276259537543302 0.2832967855584895 0.009866322930778538 0.01643284543522755
2 0.24160988862546778 0.31194703644496813 0.008221935775648781 0.01369403786268965
2 0.24601078358251366 0.3214792486362661 0.006659435775648781 0.01358680923752017
2 0.2481498156946893 0.3282190389424414 0.008221935775648781 0.01369403786268965
1 0.25925441203121613 0.3487600957364758 0.027954581637205766 0.04655972873314475