2 0.04280156942427556 0.9490746527681312 0.027790807326946276 0.04025456869415716
2 0.12799544097557308 0.9778708988368778 0.04621325870642727 0.03027946548136392
2 0.25639600067736856 0.7647389596692221 0.06142217887824382 0.06753498017703237
2 0.4871214574839165 0.9994006760055985 0.00978443577564878 0.0011986479888031155
2 0.49559237675122186 0.9982341732714319 0.006577548620519025 0.0035316534571360365
2 0.5349857473980082 0.9885210157153007 0.009866322930778538 0.016065079972550897
2 0.527255134553138 0.990922922755719 0.004933161465389269 0.008032539986275448
2 0.5701895850281078 0.9409162631516511 0.011265048620519025 0.010847856459204015
2 0.34414058288040117 0.47416583868382606 0.08658595318850323 0.07353308817400979
2 0.48398765490666856 0.45329993300893023 0.057969630257724704 0.05691679562477846
2 0.60537133197589 0.44109334107314335 0.018006371551297563 0.02682106766897469
2 0.7665478493887445 0.5036733848170333 0.008303822930778536 0.016019145591160786
2 0.7484120030522178 0.522859014345616 0.006577548620519025 0.010710053315033831
2 0.7431479709400421 0.5292771913791718 0.006577548620519025 0.010710053315033831
2 0.7394464388278665 0.5357413027941178 0.008221935775648604 0.013387566643792363
1 0.7258343181810801 0.5498015775721335 0.024583920171816587 0.03753112098400852