2 0.18671875 0.29691307380456883 0.0125 0.03231412146298417
2 0.23828125 0.38861732276975913 0.01875 0.04320802429973942
2 0.3203125 0.6285295848794519 0.0109375 0.0216959089116901
2 0.29375 0.6314076193040827 0.009375 0.018972433202501287
2 0.290625 0.6171177286171972 0.0078125 0.013617378545944055
2 0.2796875 0.5717083743709925 0.0078125 0.013617378545944055
2 0.2765625 0.5613658521051597 0.009375 0.016340854255132865
2 0.271875 0.5471678581800945 0.0078125 0.013617378545944055
2 0.26796875 0.5342397053478034 0.0078125 0.018880536440680898
2 0.26015625 0.5031202417884842 0.0140625 0.01924812348796231
2 0.25859375 0.4887384543397783 0.009375 0.011077696360396024
2 0.25234375 0.4706849887554809 0.0234375 0.043483714585200436
2 0.57734375 0.47525467282315575 0.0390625 0.09703426115077275
2 0.39453125 0.2702171202719308 0.0421875 0.10511279151651895
2 0.5421875 0.2667960341746409 0.053125 0.14259817411241957
2 0.60625 0.6577651090452681 0.015625 0.02986633603925653
1 0.56796875 0.856069211288815 0.021875 0.0433918178233802
2 0.57734375 0.8752546728231559 0.0078125 0.013617378545943906
2 0.58125 0.8802880888133418 0.00625 0.010893902836755244
2 0.5859375 0.8879071353699858 0.0078125 0.013617378545943906
2 0.60078125 0.9133499056063763 0.0109375 0.016432751016953406