2 0.615625 0.618421052631579 0.01484375 0.021052631578947368
2 0.6453125 0.5105263157894737 0.0203125 0.02763157894736842
2 0.75625 0.5723684210526315 0.00703125 0.013157894736842105
2 0.73984375 0.5526315789473685 0.00546875 0.009210526315789473
2 0.73515625 0.5473684210526316 0.00546875 0.009210526315789473
2 0.73203125 0.5421052631578948 0.00546875 0.011842105263157895
1 0.71953125 0.5302631578947369 0.02109375 0.031578947368421054
2 0.53671875 0.22236842105263158 0.01328125 0.030263157894736843
2 0.340625 0.015789473684210527 0.01328125 0.017105263157894738
2 0.4 0.08157894736842106 0.02109375 0.02631578947368421
2 0.54453125 0.13289473684210526 0.0078125 0.011842105263157895
2 0.53671875 0.13026315789473683 0.00546875 0.009210526315789473
2 0.509375 0.11973684210526316 0.00546875 0.007894736842105263
2 0.50234375 0.11710526315789474 0.00625 0.010526315789473684
2 0.49453125 0.1118421052631579 0.00625 0.010526315789473684
2 0.4859375 0.10789473684210527 0.0078125 0.011842105263157895
2 0.4671875 0.1 0.009375 0.018421052631578946
2 0.46015625 0.09868421052631579 0.00390625 0.015789473684210527
2 0.44765625 0.09210526315789473 0.021875 0.031578947368421054
2 0.509375 0.6 0.05 0.05263157894736842
2 0.3875 0.575 0.0734375 0.06447368421052632
2 0.0125 0.20921052631578949 0.02421875 0.030263157894736843
2 0.1109375 0.14342105263157895 0.0328125 0.034210526315789476
2 0.1875 0.11578947368421053 0.040625 0.035526315789473684
2 0.05390625 0.13815789473684212 0.03984375 0.03684210526315789
2 0.0859375 0.22105263157894736 0.01953125 0.02763157894736842