2 0.21188238200190898 0.044452569189954605 0.04405908267027261 0.049028458655683
2 0.07510908800127267 0.02314653062778738 0.037718176002545345 0.035257475840209475
2 0.13381192600254535 0.04468370504916733 0.03466590133672711 0.045477247590367476
2 0.32210336135422635 0.29063129034564894 0.0582852146721816 0.07409211735891948
2 0.4323039700031817 0.08185339764592214 0.023655676002545433 0.03387802766328882
2 0.48089601133831794 0.1089732513079471 0.025254538669636162 0.039294457577683545
2 0.491897146005727 0.11925668176134153 0.004796588001272539 0.016249289743184087
2 0.4997369180060452 0.12397041028068341 0.011101132001908987 0.024757114663920724
2 0.5405710033418177 0.1582186406865244 0.006322725334181811 0.011139403868105097
2 0.5342846406747268 0.15234239471315614 0.007903406667727353 0.013924254835131334
2 0.5256363466740905 0.1436046617629327 0.009465906667727175 0.014077526854789225
2 0.5177874840069997 0.1375751437699066 0.009465906667727175 0.014077526854789225
2 0.575100544676954 0.18395904617162867 0.011064769334818082 0.019493956769183883
2 0.5680329320098633 0.17800616418843151 0.007903406667727353 0.013924254835131334
2 0.38028058271004345 0.5750964514743842 0.08023294000636341 0.08676424142360303
2 0.5033186407144978 0.6423914629122623 0.05512385200509069 0.06852241542486685
2 0.6098686327179976 0.6962350128805751 0.01736931333545435 0.028001781689920336
2 0.7574339760502704 0.6975613240013999 0.00792158800127254 0.016555833782499755
2 0.7416544347151341 0.67366018275219 0.007903406667727176 0.013924254835131334
2 0.7345322780474068 0.6598125639268875 0.007903406667727353 0.013924254835131334
2 0.7369214813812706 0.6666214193247952 0.006322725334181811 0.011139403868105097
1 0.7219140993793616 0.6414811246117299 0.025272720003181703 0.04192603652505197
2 0.5925971273472266 0.23038188049312822 0.01417158800127254 0.01716892186113117