2 0.2413875484009936 0.236325232336074 0.015843168617910842 0.06346410667023905
2 0.23123077752014654 0.46245729464972 0.010992042154477666 0.016003822037588347
2 0.22744270218818158 0.4281702153505813 0.018886355386194254 0.03984113853060254
2 0.22149268403780892 0.3412056253140646 0.015752265027114732 0.03714831719655484
2 0.4213568495324617 0.15826772220171803 0.03626475292686635 0.09544112955207619
2 0.3735097019917898 0.21259693369959418 0.04258747579950315 0.11661624590438233
2 0.34983585265571976 0.28055866843107763 0.03312157220870695 0.09011672927065993
2 0.3838017864971369 0.39965338731612987 0.03311248184962734 0.08748515032329165
2 0.3665324732654204 0.423000764715709 0.03310339149054773 0.08485357137592324
2 0.4691802294137405 0.5631796582129711 0.03620112041330899 0.07702007692049709
2 0.5348239310127468 0.33287149036814745 0.048901108313060604 0.13515978330932005
2 0.5450023860295987 0.5528226808267885 0.03468407220870695 0.09014735046399963
2 0.5529461753554061 0.7411489921269989 0.012590903590796287 0.026560759020401892
2 0.4901552838648583 0.8241346707092005 0.01415340359079611 0.02659138021374145
2 0.49991610324489494 0.9388073926764349 0.009429542154477666 0.015973200844248785
2 0.5092092900131784 0.9626753303627889 0.006286361436318444 0.010648800562832524
2 0.5030092869881162 0.9480791613789038 0.006286361436318444 0.010648800562832524
2 0.5349632689359395 0.971075316894999 0.006286361436318444 0.010648800562832524
2 0.5427894044745589 0.9672810544406449 0.006286361436318444 0.010648800562832524
2 0.5357172478587007 0.9789853643337743 0.006277271077238922 0.008017221615464103
2 0.5450831574996211 0.9818006704411808 0.006286361436318444 0.010648800562832524