1 0.6838682304394389 0.573331408814188 0.02326708163720568 0.04645279073596968
2 0.7046045335825136 0.35996083443768734 0.01471759724103805 0.022155741412973086
2 0.7049287601767653 0.3243732347685455 0.02647396879233561 0.04932950520201048
2 0.7022851170287417 0.23315477392665834 0.021704581637205678 0.04633022297663349
2 0.5341802481909778 0.12368097270039918 0.06034435775648746 0.13599138670452357
2 0.5644133028043905 0.20914963248856425 0.04686171189493056 0.10343189726141304
2 0.5414870578927731 0.3418893456923196 0.04998671189493074 0.10367703278008543
2 0.5620894849619946 0.35933348412756855 0.0452173247398008 0.10067775055470843
2 0.38326180009085703 0.3176066128565393 0.06396068068726617 0.15202599590740637
2 0.3926666983272633 0.5438935743295692 0.048424211894930555 0.10355446502074923
2 0.4637327928547679 0.6510313323717221 0.03313340456798421 0.0629776709761972
2 0.4617265575540889 0.7155050165822484 0.03132524310259512 0.054960366374755744
2 0.4762527250123719 0.8023795777244198 0.021458920171816588 0.038435486134528074
2 0.4715851571699761 0.9523795777244201 0.008221935775648781 0.01377073353352306
2 0.4778727787212736 0.9264927754084125 0.011510710085908116 0.019279026946931982
2 0.47598273010075454 0.9368965234385499 0.008221935775648604 0.01377073353352306
2 0.4734342622129303 0.9432916191679667 0.008221935775648781 0.01377073353352306
2 0.4459710035065029 0.9701553356803042 0.008221935775648781 0.01377073353352306
2 0.4449440920411137 0.9779887886427414 0.008140048620519025 0.011139154586154639
2 0.4364322291962434 0.974683087019024 0.008221935775648781 0.01377073353352276
2 0.43692687415328935 0.9839548972144815 0.008221935775648604 0.01377073353352306