1 0.7244767834720749 0.31356996453428254 0.01726931323171641 0.025201277821351196
2 0.6992904311109427 0.3697239762935685 0.011001132513557365 0.019386459092056073
2 0.7165188377268009 0.3563648037353751 0.007857951795397966 0.013847470780040052
2 0.7211699762904825 0.3664773738989301 0.007857951795398143 0.013847470780040052
2 0.7078160034178456 0.3887022847513139 0.011001132513557365 0.019386459092056073
2 0.7133120244950844 0.3803248446789701 0.007857951795397966 0.013847470780040052
2 0.7156785003927835 0.37353902449758963 0.006286361436318444 0.011077976624032041
2 0.5767659913175972 0.3423924254349336 0.017278403590796288 0.027832856768719695
2 0.32715181069763377 0.4788635854234732 0.08624657220870695 0.09705902068570343
2 0.46018702449508436 0.40266710847858245 0.05962043969514959 0.07629340950725147
2 0.4825614733636163 0.48224628532172953 0.05491475897699054 0.07061650598659586
2 0.4906052566392994 0.6406982779900012 0.043949987899751616 0.061756362684013466
2 0.36018650361423726 0.63774051370088 0.07531816256778665 0.09872519317259473
2 0.2823518742239379 0.7866725796864342 0.07842498184962743 0.09373786569513706