2 0.1109375 0.14210526315789473 0.03203125 0.030263157894736843
2 0.18671875 0.11578947368421053 0.04140625 0.034210526315789476
1 0.2328125 0.1723684210526316 0.14765625 0.13026315789473683
2 0.4671875 0.1 0.009375 0.018421052631578946
2 0.44921875 0.09210526315789473 0.021875 0.031578947368421054
2 0.41875 0.1118421052631579 0.0265625 0.02236842105263158
2 0.4 0.08157894736842106 0.02265625 0.02631578947368421
2 0.32421875 0.31973684210526315 0.0640625 0.06315789473684211
2 0.36171875 0.28421052631578947 0.05 0.05131578947368421
2 0.428125 0.34078947368421053 0.0484375 0.05131578947368421
2 0.4421875 0.3144736842105263 0.046875 0.04736842105263158
2 0.4265625 0.44342105263157894 0.05390625 0.056578947368421055
2 0.38828125 0.5776315789473684 0.07265625 0.06710526315789474
2 0.509375 0.6026315789473684 0.04921875 0.05526315789473684
2 0.5890625 0.5131578947368421 0.02734375 0.03684210526315789
2 0.615625 0.6171052631578947 0.0140625 0.021052631578947368
2 0.6625 0.5184210526315789 0.015625 0.025
2 0.7265625 0.5368421052631579 0.00859375 0.013157894736842105
2 0.73203125 0.5434210526315789 0.00625 0.009210526315789473
2 0.734375 0.5473684210526316 0.0046875 0.007894736842105263
2 0.73984375 0.5526315789473685 0.00625 0.010526315789473684
2 0.74453125 0.5947368421052631 0.00546875 0.011842105263157895
2 0.7484375 0.5947368421052631 0.0046875 0.009210526315789473
2 0.74296875 0.6065789473684211 0.00625 0.009210526315789473
2 0.75 0.6092105263157894 0.00546875 0.007894736842105263