2 0.40098463584218214 0.17221661585324044 0.04431548439090349 0.10387180724489964
2 0.5579018131541768 0.35961292207157025 0.052891876223535306 0.1409435844150078
2 0.5616493504476378 0.5780110075124543 0.03946429328391084 0.09583926725862434
2 0.5633160325689556 0.771363158571948 0.01622520072563951 0.02940671223495315
2 0.5107044424577549 0.9828444483880534 0.006468254809323426 0.010710053315033831
2 0.5073884694995969 0.9735420533094838 0.006413691106992659 0.008078474367665409
2 0.5048810283926044 0.9655784148952935 0.006468254809323426 0.010710053315033831
1 0.49738598692279207 0.9430032891264066 0.025873019237293703 0.042840213260135325
2 0.245310043916883 0.3083437498263613 0.019568455534962847 0.04002489678720691
2 0.2640476641499686 0.5718920868050188 0.009756945916315995 0.018696658919919316
2 0.2630208774894797 0.5600270143511659 0.00485119110699257 0.008032539986275448
2 0.2588046034428626 0.5073035666410174 0.004905754809323426 0.010664118933643869
2 0.25777781678237377 0.49543849418716446 0.008085318511654283 0.013387566643792363
2 0.25435271641955404 0.480872941213858 0.006468254809323426 0.010710053315033831
2 0.2532440842055689 0.46506050033895246 0.00813988221398514 0.016019145591160786
2 0.2471652097961321 0.39781743403688763 0.022693455534962846 0.04011676554998698
2 0.2498909057124481 0.4163073882405516 0.008030754809323425 0.010755987696423792
2 0.2494097560752678 0.43075810526038294 0.014444445916315996 0.01883446206408935
2 0.2895759430059091 0.6357619644534066 0.00813988221398514 0.016019145591160786