2 0.3953590480187719 0.2406112775637088 0.04135225334181776 0.10605930892156892
2 0.22953460069222614 0.3215606467888206 0.017460220003181703 0.03981051733726298
2 0.24855841538031598 0.5876869535997677 0.007921588001272717 0.015942579650908926
2 0.24611466804581608 0.5731673375992319 0.006322725334181811 0.010648800562832524
2 0.2317061753659985 0.40974916271900236 0.022165901336727068 0.042533959864650375
2 0.2334232167011348 0.43214820496497364 0.009447725334181811 0.010710042949511944
2 0.23351412336886196 0.4453060997018157 0.014189769334818081 0.01869664337163619
2 0.2426351320416799 0.5217903057388683 0.006322725334181811 0.010648800562832524
2 0.2385470687062255 0.4953979632818349 0.007903406667727176 0.013311000703540505
2 0.23686639003818008 0.4782620789306004 0.011064769334818082 0.01863540098495677
2 0.24099081604072542 0.5099175792823707 0.009484088001272716 0.015973200844248785
2 0.27212318471513414 0.6065673241314422 0.011082950668363623 0.021266979932325188
2 0.5445965266947714 0.35930976461519043 0.049401110677908734 0.14042294120405688
2 0.5500481900461341 0.5830705281248555 0.03815452800763595 0.0954717507454159
2 0.5498311087284972 0.777776749036779 0.015843176002545433 0.03188515930181815
2 0.49585322807922366 0.9924791703574303 0.006322725334181811 0.010648800562832524
1 0.48308050807604197 0.9527605166001865 0.023710220003181702 0.03993300211062182
2 0.48949414007795095 0.976567211899861 0.006322725334181811 0.010648800562832524
2 0.4918924340785873 0.9845078805319758 0.006304544000636269 0.008017221615464103