2 0.9587614007621259 0.19643299165794206 0.03918067466803521 0.034976056149281926
2 0.9017392411212054 0.1926837391536747 0.03449317466803521 0.0348841925692628
2 0.8268483254301608 0.15963497450494826 0.04232385538619425 0.040300456430698114
2 0.676467051229664 0.04089055566345699 0.015697722872636887 0.02135884351234433
2 0.3783643318730685 0.6166667868940056 0.015706813231716587 0.02399042245971274
2 0.48620410295030736 0.6108849123923393 0.051762487899751616 0.05890523622231524
2 0.6104728499252452 0.5988456130523189 0.07367384933607006 0.06986024871854472
2 0.6886710936787293 0.3529929410700023 0.05646816861791084 0.06426025769707122
2 0.614534677791293 0.10152312378969687 0.02196590359079629 0.026744486180439963
2 0.5645074067140541 0.10843798244493184 0.023555674668035032 0.0346698442158849
2 0.5535562711754347 0.11217100251260662 0.0031795421544778433 0.015850716070889947
2 0.5457392259958949 0.11333368601959233 0.009438632513557366 0.01860477979161713
2 0.5027159338414172 0.12828107688696122 0.006286361436318444 0.010648800562832449
2 0.5277522952777357 0.11824470019092269 0.009411361436318443 0.01071004294951187
2 0.5183636597391162 0.12200834145193713 0.006286361436318444 0.010648800562832449
2 0.5097608193800367 0.12447150383593722 0.007857951795397966 0.01331100070354058
2 0.47456366276417833 0.13562463224895194 0.006277271077238922 0.008017221615464028
2 0.46752786758463855 0.13680262635260754 0.009429542154477666 0.015973200844248713
2 0.4502040121984443 0.17593947743639718 0.010992042154477844 0.016003822037588347
2 0.23950636495235988 0.5547309743709832 0.007857951795398143 0.013311000703540505
2 0.2559717022863774 0.5379472337431551 0.006286361436318444 0.010648800562832524
2 0.26538760890223567 0.5262888556400355 0.006286361436318444 0.010648800562832524
2 0.26145863300453664 0.5327912500251072 0.004723861436318444 0.010618179369492664
1 0.277928515518094 0.5146917199235952 0.022011355386194253 0.03990238091728196