2 0.05625 0.1394736842105263 0.0328125 0.02894736842105263
2 0.11015625 0.14342105263157895 0.02890625 0.030263157894736843
2 0.1875 0.11710526315789474 0.03984375 0.03684210526315789
2 0.39765625 0.3631578947368421 0.05 0.05526315789473684
2 0.38671875 0.575 0.07421875 0.06315789473684211
2 0.509375 0.6013157894736842 0.0484375 0.05263157894736842
2 0.61875 0.618421052631579 0.02109375 0.02236842105263158
2 0.340625 0.014473684210526316 0.015625 0.018421052631578946
2 0.40078125 0.08289473684210526 0.02265625 0.025
2 0.4484375 0.09342105263157895 0.021875 0.031578947368421054
2 0.46875 0.1 0.00859375 0.018421052631578946
2 0.46015625 0.09868421052631579 0.00390625 0.014473684210526316
2 0.49453125 0.11315789473684211 0.00703125 0.011842105263157895
2 0.48515625 0.10921052631578948 0.00703125 0.010526315789473684
2 0.50234375 0.11710526315789474 0.00625 0.011842105263157895
2 0.50859375 0.11973684210526316 0.00546875 0.009210526315789473
2 0.53671875 0.13026315789473683 0.00625 0.009210526315789473
2 0.5453125 0.13421052631578947 0.00625 0.013157894736842105
2 0.5453125 0.1763157894736842 0.01171875 0.017105263157894738
2 0.73984375 0.5526315789473685 0.00625 0.009210526315789473
2 0.734375 0.5460526315789473 0.00390625 0.009210526315789473
2 0.73046875 0.5434210526315789 0.00546875 0.009210526315789473
1 0.71796875 0.5302631578947369 0.01875 0.031578947368421054
2 0.75625 0.5723684210526315 0.00703125 0.013157894736842105