1 0.740625 0.5398913489995749 0.053125 0.15732069604111415
2 0.759375 0.5132363664959 0.0125 0.019524374300695663
2 0.76953125 0.5465504439555321 0.025 0.05220664333823328
2 0.78828125 0.6330533561886993 0.021875 0.04666765502621726
2 0.71484375 0.4079564236263385 0.0140625 0.030188605298808936
2 0.64921875 0.8413804413365694 0.0546875 0.1285112428287011
2 0.66484375 0.7663170787238579 0.04375 0.11175636268401376
2 0.61015625 0.6632493741841379 0.0453125 0.10399954105054779
2 0.625 0.6290444428599566 0.04375 0.10386162584190835
2 0.465625 0.8102170572990887 0.059375 0.1552407779283044
2 0.4171875 0.5947555866616526 0.0484375 0.10953852936256381
2 0.4609375 0.4435255397671128 0.034375 0.06882360827428134
2 0.440625 0.37821317432153256 0.03125 0.0606530410148969
2 0.43359375 0.286728529602516 0.01875 0.038497087766832895
2 0.3796875 0.40201292009005524 0.015625 0.03558967840218537
2 0.40390625 0.17092786593508907 0.0109375 0.019386459092056073
2 0.3984375 0.16351583232322234 0.0078125 0.013847470780040014
2 0.39453125 0.15991325192376868 0.0078125 0.011215891832671632
2 0.390625 0.15367909257694656 0.0078125 0.011215891832671594
2 0.390625 0.14973172415589395 0.0046875 0.008308482468024032
2 0.3625 0.15879314527982746 0.0078125 0.013847470780040052
2 0.353125 0.15830484705798076 0.0078125 0.013847470780040014
2 0.359375 0.14985844938131718 0.0078125 0.011215891832671632
2 0.35078125 0.15061698302883486 0.0078125 0.013847470780040014