2 0.5520715965636696 0.6860893084837917 0.05450379353213641 0.14915012878172973
2 0.39448706863536537 0.8679570939577299 0.04373671189493056 0.10358579542462933
2 0.23657607134889883 0.759862896999295 0.019978307326946255 0.04112866671420139
2 0.24018242820087526 0.6690044657107647 0.0231851944820761 0.04403607607884899
2 0.2431403318643484 0.6490607507925422 0.009620661465389268 0.0087222280939428
2 0.24276851763999713 0.6359718136600199 0.014635710085908294 0.01966228950933525
2 0.25816886759456864 0.4915853545679639 0.011510710085908293 0.019386459092056073
2 0.256937238241355 0.5061279963828099 0.006577548620519025 0.011077976624032041
2 0.25303763229388976 0.5563348691957694 0.005015048620519024 0.010940061415392452
2 0.25184694651824097 0.5695617215369313 0.008221935775648781 0.013847470780040052
2 0.2490118735874624 0.585558068034101 0.008303822930778536 0.016479049727408473
2 0.24617680065668393 0.601554414531271 0.009948210085908293 0.019248543883416482
2 0.28357498134395004 0.4512897740972082 0.011674484396167806 0.024649616986792914
2 0.5580869804394389 0.4677372134565325 0.042010437584671226 0.09818472232125275
2 0.5617619363414756 0.2745230336379129 0.016525758706427317 0.03032652050744845
2 0.5217621353461075 0.03267681592247284 0.009784435775648604 0.013985385988679594
2 0.5114454330621153 0.06376746506904717 0.006577548620519025 0.011077976624032005
2 0.5079928844415963 0.07456961127580003 0.006577548620519025 0.011077976624032005
2 0.505403472976207 0.08267122093086465 0.006577548620519025 0.011077976624032005
1 0.49755335142490953 0.10960762884342698 0.024665807326946166 0.041542412340120044