2 0.053125 0.14078947368421052 0.034375 0.030263157894736843
2 0.11015625 0.14210526315789473 0.03203125 0.034210526315789476
2 0.18671875 0.11578947368421053 0.03984375 0.03289473684210526
2 0.303125 0.3144736842105263 0.0546875 0.05526315789473684
2 0.340625 0.014473684210526316 0.0140625 0.015789473684210527
2 0.44921875 0.09342105263157895 0.02109375 0.03289473684210526
2 0.4 0.08289473684210526 0.021875 0.02368421052631579
2 0.459375 0.09868421052631579 0.0046875 0.014473684210526316
2 0.4671875 0.1 0.009375 0.018421052631578946
2 0.50859375 0.11973684210526316 0.00546875 0.007894736842105263
2 0.50234375 0.11710526315789474 0.00703125 0.013157894736842105
2 0.49375 0.1118421052631579 0.00703125 0.009210526315789473
2 0.48515625 0.10789473684210527 0.00859375 0.011842105263157895
2 0.54375 0.13421052631578947 0.00859375 0.013157894736842105
2 0.53671875 0.13026315789473683 0.0046875 0.007894736842105263
2 0.575 0.17894736842105263 0.009375 0.011842105263157895
2 0.3875 0.575 0.0734375 0.05921052631578947
2 0.50859375 0.6 0.0484375 0.05
2 0.61640625 0.6171052631578947 0.015625 0.021052631578947368
2 0.75625 0.5710526315789474 0.00703125 0.011842105263157895
2 0.73984375 0.5526315789473685 0.00625 0.009210526315789473
2 0.734375 0.5473684210526316 0.00546875 0.007894736842105263
2 0.73125 0.5421052631578948 0.00625 0.010526315789473684
1 0.71875 0.5289473684210526 0.0203125 0.03289473684210526