1 0.5765625 0.16710526315789473 0.02109375 0.02631578947368421
2 0.46796875 0.1 0.009375 0.017105263157894738
2 0.4484375 0.09210526315789473 0.02109375 0.030263157894736843
2 0.4 0.08289473684210526 0.021875 0.025
2 0.11015625 0.14078947368421052 0.034375 0.030263157894736843
2 0.1875 0.11578947368421053 0.03984375 0.034210526315789476
2 0.31171875 0.3144736842105263 0.0640625 0.06184210526315789
2 0.3625 0.28421052631578947 0.04921875 0.04736842105263158
2 0.42890625 0.34210526315789475 0.0484375 0.05131578947368421
2 0.44140625 0.3144736842105263 0.046875 0.04868421052631579
2 0.3875 0.575 0.07265625 0.06184210526315789
2 0.509375 0.6 0.04921875 0.05
2 0.578125 0.5105263157894737 0.028125 0.039473684210526314
2 0.6125 0.5263157894736842 0.02421875 0.035526315789473684
2 0.66171875 0.5184210526315789 0.01640625 0.02368421052631579
2 0.73984375 0.5526315789473685 0.00546875 0.009210526315789473
2 0.72734375 0.5381578947368421 0.00859375 0.013157894736842105
2 0.73203125 0.5421052631578948 0.00546875 0.010526315789473684
2 0.73515625 0.5473684210526316 0.0046875 0.009210526315789473
2 0.74375 0.593421052631579 0.00546875 0.009210526315789473
2 0.7484375 0.5960526315789474 0.00390625 0.007894736842105263
2 0.74609375 0.6078947368421053 0.0046875 0.007894736842105263
2 0.75078125 0.6092105263157894 0.0046875 0.009210526315789473