2 0.5239200162791258 0.8182143216951628 0.0504242052052021 0.1067690352065561
2 0.7066492162932432 0.827009284680012 0.015154563140062294 0.03282018424617736
2 0.6873069530684763 0.7106569601780267 0.021768584186749606 0.0438981608702091
2 0.704591705558138 0.45858263705682484 0.010012036831702886 0.019248543883416482
2 0.7049179292497787 0.4716715741893472 0.00826752630835923 0.013847470780040052
2 0.7016718319088495 0.5204936999243025 0.00670502630835923 0.013709555571400463
2 0.7012623082313262 0.5323358051874605 0.008358531570031146 0.016479049727408473
2 0.700761779292131 0.5468094893979868 0.008267526308359408 0.013847470780040052
2 0.7002612503529358 0.5612831736085131 0.00826752630835923 0.013847470780040052
2 0.6972048688111396 0.6271416048970434 0.024984589448421347 0.04680557023485685
2 0.6971516609045144 0.6061579309224158 0.009739021046687312 0.01135380704131122
2 0.6999049345820377 0.5941089528462986 0.013228042093374803 0.022155953248064082
2 0.4020211714278581 0.62696074746056 0.05932876834526439 0.1390375586181748
2 0.42791508446909826 0.418726817588464 0.045463689420186526 0.09846055273853177
2 0.4512909422627841 0.2382623818723759 0.016717063140062292 0.03295809945481687
2 0.5221256289815475 0.014255763290893892 0.00983002630835923 0.013985385988679594
2 0.5280648158414853 0.045214092220436826 0.00826752630835923 0.013847470780040014
2 0.5293087974256337 0.05428670332758672 0.0065230157850155734 0.008446397676663584
2 0.5314705369022901 0.05934298840936419 0.00826752630835923 0.013847470780040014
1 0.5345577395472435 0.08268241091408103 0.02480257892507769 0.041542412340120044
2 0.687570805529903 0.41023761956049987 0.010012036831702886 0.019248543883416482