2 0.1109375 0.14210526315789473 0.0328125 0.02894736842105263
2 0.1875 0.11578947368421053 0.04140625 0.038157894736842106
2 0.31328125 0.3144736842105263 0.06328125 0.060526315789473685
2 0.36171875 0.28421052631578947 0.04921875 0.04736842105263158
2 0.428125 0.34078947368421053 0.046875 0.05263157894736842
2 0.44140625 0.3144736842105263 0.046875 0.046052631578947366
2 0.3875 0.5763157894736842 0.07265625 0.06315789473684211
2 0.50859375 0.6013157894736842 0.05078125 0.05
2 0.6125 0.5263157894736842 0.02421875 0.034210526315789476
2 0.57890625 0.5118421052631579 0.0296875 0.038157894736842106
2 0.4 0.08157894736842106 0.021875 0.025
2 0.4484375 0.09342105263157895 0.02109375 0.031578947368421054
2 0.46796875 0.1 0.009375 0.018421052631578946
1 0.56171875 0.16052631578947368 0.03125 0.031578947368421054
2 0.61640625 0.6171052631578947 0.01484375 0.021052631578947368
2 0.6609375 0.5184210526315789 0.01640625 0.02236842105263158
2 0.74375 0.593421052631579 0.00625 0.010526315789473684
2 0.74765625 0.5960526315789474 0.0046875 0.007894736842105263
2 0.74609375 0.6078947368421053 0.0046875 0.007894736842105263
2 0.73984375 0.5526315789473685 0.00625 0.009210526315789473
2 0.7265625 0.5368421052631579 0.0078125 0.013157894736842105
2 0.73203125 0.5421052631578948 0.00546875 0.007894736842105263
2 0.734375 0.5473684210526316 0.00390625 0.007894736842105263