1 0.2625 0.6049123401963516 0.0296875 0.03595656479037673
2 0.29140625 0.5434545355531867 0.0125 0.016524647778773646
2 0.2515625 0.5621637997057142 0.009375 0.011077696360396024
2 0.24765625 0.5671972156959001 0.00625 0.010893902836755244
2 0.2390625 0.5785338887690458 0.00625 0.010893902836755244
2 0.2453125 0.5710067389742222 0.0046875 0.010802006074934855
2 0.23828125 0.6350668877565567 0.00625 0.010893902836755244
2 0.23515625 0.623040988969758 0.00625 0.010893902836755244
2 0.3703125 0.6415163746566953 0.015625 0.024603178144519688
2 0.5640625 0.4910694678592656 0.0640625 0.07218881986621478
2 0.60390625 0.5907812563383171 0.0765625 0.07292399396077805
2 0.4796875 0.6203175690367542 0.053125 0.06101922674399852
2 0.6625 0.3231747533276343 0.0671875 0.07500419233722407
2 0.97734375 0.32721826662391634 0.034375 0.057284886654785344
2 0.95625 0.27071450244460427 0.0390625 0.052297419045509747
2 0.87890625 0.13327087589238973 0.0359375 0.041587309732395286
2 0.79765625 0.10875540217246636 0.0453125 0.042138690303317586
2 0.72578125 0.09794920376030743 0.0390625 0.04177110325603602
2 0.65 0.1105974739699133 0.0390625 0.036507945361299185
2 0.50703125 0.0995573413159793 0.009375 0.018972433202501287
2 0.5265625 0.09149552452294471 0.0234375 0.03558897774309532
2 0.57578125 0.0772850093623922 0.0234375 0.03032581984835846