2 0.7477600211066137 0.6314371983178864 0.009565914772652385 0.018880479393239787
2 0.7323941197266419 0.6072029095873209 0.006359094155801337 0.010832600297247478
2 0.7277748035740178 0.6008536755997304 0.004796594155801514 0.010756029170304104
2 0.7239367374213936 0.5944661560486679 0.007948867694751626 0.013540750371559421
1 0.7116140154245707 0.5779734619063209 0.02543637662320535 0.04333040118899021
2 0.35559584050564863 0.5730632577967989 0.08371252678536116 0.09090037499116148
2 0.48238048295716673 0.6207700793719593 0.05693183847375849 0.06854603425417526
2 0.5952253563339613 0.657323935826453 0.01905000892845372 0.02986622194437416
2 0.04557555275994354 0.04774115175516785 0.03799092370110613 0.049206128099274694
2 0.10163463798729115 0.06340564381678213 0.03481137662320544 0.043789827950650916
2 0.1837749821430925 0.048859343862776634 0.04733865016215581 0.04703397591356703
2 0.3023186562512358 0.2889777131036056 0.061673885551659244 0.07403890552974238
2 0.4133670247567663 0.04681391451787705 0.02373750892845372 0.03009593532520458
2 0.4639028129062133 0.0680095634185303 0.026998876623205346 0.0434069723159336
2 0.4747584922893623 0.07536830237203133 0.0064136412337020944 0.016095758191984375
2 0.48333860551988705 0.07626295064752649 0.011182961850553142 0.02422020841492004
2 0.5752709610397742 0.17170696859439044 0.014253414772652384 0.019110192774070132
2 0.5546954082798307 0.12274067880812718 0.006359094155801337 0.010832600297247552
2 0.5624533612019299 0.12762098106814673 0.011101141233702094 0.016325471572814776
2 0.5019522378251354 0.08850199186104704 0.011101141233702094 0.016325471572814738
2 0.5104641672082844 0.09597558750496327 0.006359094155801337 0.010832600297247552
2 0.5190033701303837 0.10081760420151105 0.011101141233702094 0.016325471572814776
2 0.525198823052483 0.10577447758847404 0.006359094155801337 0.010832600297247552