1 0.30243266801576796 0.9246368964959066 0.08746481818121907 0.15072620700818667
2 0.2650888064100962 0.5614834023342693 0.012663641233702094 0.016279479123274817
2 0.25917972564697545 0.5941331364568425 0.02072160308425506 0.04026994304900582
2 0.2706899699649326 0.6498250491107607 0.016115923701106104 0.04798092785146202
2 0.2514860024323367 0.6806383629806437 0.017651150162155814 0.04541059958397682
2 0.3983394573830309 0.8350188867360825 0.04497730925276535 0.12013607166830441
2 0.3773042086008469 0.7644857857923396 0.03689207386326192 0.09351402879520468
2 0.4151666728870319 0.6502275791052052 0.03530230032431163 0.09082119916795334
2 0.39928257426700375 0.6246150723063748 0.033712526785361165 0.08812836954070169
2 0.47931099350388295 0.6606335938225153 0.03853639448011279 0.10147001631719287
2 0.5629280629029181 0.741511458803685 0.04980117694751698 0.13347771844479528
2 0.5833478827089901 0.5266101199777786 0.03845457386326192 0.09357527947508776
2 0.5294904512972461 0.3785055906227493 0.025545470779006863 0.053611589825497
2 0.5954603246740409 0.3390034813598839 0.014335235389503431 0.026867045592631724
2 0.5359392743497292 0.24723289665374346 0.017487508928453722 0.02962112589976614
2 0.5496102621748646 0.13465688337579024 0.009538641233702095 0.01615697776350878
2 0.5534210547885384 0.12559948375970836 0.006359094155801337 0.010771318509005867
2 0.5564915077106377 0.12045882722473762 0.004769320616851047 0.008078488881754409
2 0.5595346870937867 0.11268659174239845 0.006359094155801515 0.010771318509005867
2 0.5868102532464109 0.10717953127193065 0.007921594155801338 0.010832569188888903
2 0.5867420693990351 0.1006005839035096 0.006331820616851047 0.008139739561637408
2 0.5946636635548364 0.1114331530923985 0.006359094155801337 0.010771318509005867
2 0.5961034326295598 0.09965229850912363 0.006359094155801515 0.010771318509005829