2 0.1779856620768073 0.6243690218115218 0.006340903590796199 0.026806060511028972
2 0.2308061350476401 0.5320438232572495 0.018895445745273864 0.04357607626992903
2 0.25006012909571174 0.4502485683708104 0.023582945745273864 0.04394377954793745
2 0.25933513514583595 0.4205657933937407 0.014135222872636887 0.022155741412973086
2 0.2562510417616942 0.432653034175571 0.010973861436318445 0.011384290104827019
2 0.3245147075509347 0.28647057908056844 0.012581813231716588 0.02466475260100524
2 0.2987470930895541 0.29244031553066807 0.009438632513557366 0.019156459187596092
2 0.2948817497054124 0.3045888401921664 0.007848861436318444 0.011139154586154639
2 0.26782889119596015 0.39094430229633903 0.007876132513557366 0.0190338914282599
2 0.27246639422102226 0.3761029148078042 0.007857951795398055 0.01377073353352306
2 0.27710844242562416 0.36257731679295363 0.010992042154477666 0.01664744799956386
2 0.28097833098930575 0.35174458160513944 0.007857951795398143 0.01377073353352306
2 0.3650134842855143 0.6991958587813744 0.0472386143631847 0.10894019067482226
2 0.5266231499765589 0.6549311483216587 0.05674087939029935 0.14651770249399731
2 0.5720214875069681 0.4499996099475571 0.0440954336450254 0.10343189726141304
2 0.6089033430895542 0.26811061530243613 0.01729658430895533 0.032927192721119
2 0.6150664637974506 0.01624327091173914 0.010982951795397966 0.014015869052195366
2 0.6003045270291671 0.04109187515174865 0.007857951795398143 0.013770733533523002
2 0.5956352077473264 0.04672273632449403 0.007857951795397966 0.013770733533523021
2 0.5917471384654857 0.05229231361757132 0.009420451795397966 0.013893301292859194
1 0.580092020979043 0.07163262444417164 0.023582945745273774 0.04394377954793745