2 0.9828516359586963 0.20306175865195294 0.030151150162155815 0.04531864477871742
2 0.9306033433450225 0.1948770423130433 0.03796365016215582 0.0454717507454159
2 0.8490902905850788 0.14648465496337737 0.04892842370110628 0.04831767804616214
2 0.6195761144483407 0.058896017823087864 0.025327282467404188 0.03206888646185619
2 0.5437812276788657 0.06169693517374735 0.011182961850553142 0.023898558879693665
2 0.5523886144483409 0.060212729136694815 0.004796594155801337 0.010618179369492777
2 0.5648886144483408 0.05996775958997724 0.025409103084255057 0.03996362330396145
2 0.45610394967568846 0.08051698515866511 0.012690914772652384 0.018666022178296514
2 0.46391644967568835 0.08036387919196661 0.007948867694751626 0.01331100070354058
2 0.4952346335230643 0.07317250795675163 0.006359094155801337 0.010648800562832468
2 0.5045959967535891 0.07430457027039766 0.009511367694751627 0.01334162189688029
2 0.5132442938314898 0.06887299581229249 0.007948867694751626 0.01331100070354058
2 0.5226192938314898 0.0686892686522543 0.009511367694751627 0.01334162189688029
2 0.42989995982195817 0.12181170853298062 0.012690914772652384 0.018666022178296552
2 0.6923981854722289 0.3429372057355863 0.06638865909060954 0.07497030064658301
2 0.581077081577195 0.6082232734095373 0.08689207386326192 0.09378942879157803
2 0.44598901542457076 0.604293059265 0.05693183847375849 0.06689183664443948
2 0.3273208360414218 0.5987255331167117 0.01746023538950343 0.02665262260042087
2 0.17743961282678303 0.5148383730108346 0.00797614123370205 0.015942579650908926
2 0.19714814082996024 0.4973503449361935 0.007948867694751716 0.013311000703540505
2 0.20739984821628643 0.48794078086369597 0.007948867694751716 0.013311000703540505
2 0.2042203011383857 0.49326518114511225 0.007948867694751626 0.013311000703540505
1 0.22392882914156295 0.47577715307047136 0.025436376623205435 0.042595202251329796