1 0.8831879553976411 0.7355354043145818 0.18493259263643722 0.22915605893903357
2 0.9147501924655174 0.8108000447486446 0.038227425705962756 0.04541522816524488
2 0.8396448923863751 0.8555648618119488 0.046085389812585476 0.04873638315581095
2 0.6611060184089071 0.5920603613484859 0.07332985141192587 0.09055462591321028
2 0.5726823644105565 0.683090277795305 0.05430706677218957 0.07311016972532469
2 0.6806994528903585 0.6807643219282782 0.07332985141192587 0.09055462591321028
2 0.645483366917839 0.7264143978645231 0.05582410266556703 0.07061650598659586
2 0.5619805451310844 0.7137727763075687 0.05586956677218957 0.07324808493396427
2 0.654914539720808 0.9051492984810082 0.0350114974927175 0.03987623985322886
2 0.6268888281214678 0.9422094665403419 0.025545569279472248 0.03378559070665448
2 0.5768206319615338 0.941743548284928 0.025636497492717503 0.03904874860139133
2 0.5572893819615338 0.9400196081769331 0.011346676959604096 0.024649616986792914
2 0.4650781160599092 0.4350714456407327 0.05913095909205772 0.08141865219334872
2 0.4363560709953318 0.5577268870938599 0.04484113855894432 0.06701952057875031
2 0.3173787504622184 0.5604032259740938 0.020858069279472247 0.033371845080735714
2 0.35533940320692775 0.44647001261490943 0.017642141066226812 0.027832856768719695
2 0.22003238902116276 0.48855667309295797 0.008039820533113407 0.013847470780040052
2 0.22784488902116276 0.4892462491361559 0.008039820533113407 0.013847470780040052
2 0.22839881848804938 0.5024731014773177 0.00643185642649069 0.011077976624032041
2 0.25094976840890704 0.5558576190805957 0.009647784639736123 0.016616964936048063
2 0.24552648251552975 0.5527433369029887 0.008039820533113407 0.013847470780040052
2 0.23631060688870917 0.5427053193353617 0.00643185642649069 0.011077976624032041
2 0.24168842867546378 0.5484511804603371 0.0048238923198680615 0.008308482468024032
2 0.22368858643473805 0.5033751453250832 0.00643185642649069 0.011077976624032041