2 0.75625 0.5710526315789474 0.0078125 0.013157894736842105
2 0.7390625 0.5526315789473685 0.00625 0.010526315789473684
2 0.734375 0.5473684210526316 0.0046875 0.010526315789473684
2 0.73125 0.5407894736842105 0.00703125 0.013157894736842105
1 0.71796875 0.5276315789473685 0.01953125 0.034210526315789476
2 0.615625 0.6171052631578947 0.01484375 0.02236842105263158
2 0.50859375 0.6013157894736842 0.04921875 0.05394736842105263
2 0.3875 0.5763157894736842 0.0734375 0.06315789473684211
2 0.31484375 0.32105263157894737 0.0546875 0.05789473684210526
2 0.33984375 0.015789473684210527 0.01484375 0.017105263157894738
2 0.5609375 0.175 0.01015625 0.013157894736842105
2 0.54453125 0.13421052631578947 0.00859375 0.013157894736842105
2 0.53671875 0.13026315789473683 0.00625 0.009210526315789473
2 0.509375 0.11842105263157894 0.00625 0.009210526315789473
2 0.5015625 0.11710526315789474 0.00703125 0.010526315789473684
2 0.49453125 0.1118421052631579 0.0078125 0.011842105263157895
2 0.4859375 0.10789473684210527 0.0078125 0.011842105263157895
2 0.4671875 0.1 0.009375 0.019736842105263157
2 0.46015625 0.1 0.0046875 0.013157894736842105
2 0.44921875 0.09210526315789473 0.021875 0.030263157894736843
2 0.4 0.08157894736842106 0.02265625 0.02631578947368421
2 0.0546875 0.13815789473684212 0.03671875 0.02894736842105263
2 0.11015625 0.14078947368421052 0.0328125 0.03289473684210526
2 0.1875 0.11578947368421053 0.04140625 0.035526315789473684