1 0.09765625 0.4881578947368421 0.01796875 0.02236842105263158
1 0.1046875 0.5131578947368421 0.021875 0.02631578947368421
1 0.12265625 0.49078947368421055 0.028125 0.031578947368421054
2 0.1390625 0.5328947368421053 0.01171875 0.03289473684210526
2 0.15234375 0.49736842105263157 0.01953125 0.02368421052631579
2 0.19375 0.46578947368421053 0.021875 0.02631578947368421
2 0.33515625 0.15 0.03046875 0.03684210526315789
2 0.36640625 0.11447368421052631 0.028125 0.03289473684210526
2 0.41640625 0.02368421052631579 0.02109375 0.018421052631578946
2 0.54296875 0.49473684210526314 0.06796875 0.05131578947368421
2 0.8921875 0.32894736842105265 0.01484375 0.02368421052631579
2 0.93359375 0.39210526315789473 0.0109375 0.015789473684210527
2 0.93984375 0.41578947368421054 0.009375 0.017105263157894738
2 0.9515625 0.4236842105263158 0.00859375 0.013157894736842105
2 0.95 0.40789473684210525 0.00703125 0.011842105263157895
2 0.9609375 0.42894736842105263 0.00625 0.013157894736842105
2 0.9125 0.3513157894736842 0.0125 0.019736842105263157
1 0.86015625 0.3118421052631579 0.05546875 0.07368421052631578