2 0.40905879625586855 0.969228821728564 0.007994337955902786 0.01377073353352306
2 0.41692584764263935 0.9737890289462975 0.011155705547083273 0.01664744799956386
2 0.4248656342117713 0.9836123940587679 0.011119337955902786 0.01401586905219514
2 0.4343315531897227 0.990926747983206 0.011119337955902786 0.014015869052195441
2 0.454081008736806 0.9979579711793081 0.012827308320624908 0.004084057641383771
2 0.3782991055264241 0.945786118842561 0.007994337955902786 0.01377073353352276
2 0.371195120344063 0.9399714060308114 0.011192073138263935 0.019279026946932284
2 0.38710975465274344 0.8492143882256147 0.01609777868534721 0.03543620390915138
2 0.5876688798433684 0.5100688906835856 0.09029899810013901 0.09646004649268859
2 0.4531841238594446 0.4351156630498158 0.06351829255305556 0.07858692089976312
2 0.3010228650257294 0.4928408647401332 0.028634146276527783 0.03904832493120918
2 0.3337067720358335 0.3731689343928976 0.020712543502986146 0.030540749292422963
1 0.20967051320211824 0.4331003557512664 0.02874324905006951 0.04694306177331444
2 0.1889034183123613 0.39861223803779067 0.007994337955902786 0.01377073353352306
2 0.19371820488149324 0.4081904676315887 0.006395470364722211 0.011016586826818447
2 0.19691594006385435 0.413698761044998 0.00803070554708336 0.01640231248089148
2 0.17213349240055573 0.3710094870910766 0.009629573138263892 0.019156459187596092