1 0.71796875 0.5789473684210527 0.0265625 0.031578947368421054
2 0.68828125 0.5210526315789473 0.0125 0.015789473684210527
2 0.7265625 0.5381578947368421 0.0078125 0.011842105263157895
2 0.73125 0.5421052631578948 0.00625 0.009210526315789473
2 0.73984375 0.5526315789473685 0.00625 0.009210526315789473
2 0.734375 0.5460526315789473 0.0046875 0.010526315789473684
2 0.74140625 0.6065789473684211 0.00703125 0.010526315789473684
2 0.7453125 0.5947368421052631 0.00703125 0.009210526315789473
2 0.615625 0.6171052631578947 0.01484375 0.019736842105263157
2 0.42421875 0.4776315789473684 0.059375 0.05921052631578947
2 0.38828125 0.575 0.07265625 0.06184210526315789
2 0.509375 0.6 0.05 0.04868421052631579
2 0.32421875 0.31973684210526315 0.0640625 0.06184210526315789
2 0.01796875 0.33026315789473687 0.0359375 0.05
2 0.0390625 0.2789473684210526 0.0375 0.04342105263157895
2 0.109375 0.14342105263157895 0.0328125 0.035526315789473684
2 0.1875 0.11710526315789474 0.04140625 0.035526315789473684
2 0.25625 0.10526315789473684 0.03671875 0.035526315789473684
2 0.32890625 0.11578947368421053 0.03515625 0.02894736842105263
2 0.4671875 0.1 0.00859375 0.017105263157894738
2 0.4484375 0.09210526315789473 0.021875 0.031578947368421054
2 0.4 0.08157894736842106 0.02109375 0.025