1 0.1140625 0.5105263157894737 0.02421875 0.03289473684210526
1 0.09921875 0.5236842105263158 0.0203125 0.025
1 0.759375 0.24736842105263157 0.09453125 0.09342105263157895
2 0.7828125 0.3131578947368421 0.02890625 0.03289473684210526
2 0.82265625 0.29736842105263156 0.0265625 0.034210526315789476
2 0.8671875 0.3105263157894737 0.0140625 0.019736842105263157
2 0.8796875 0.31973684210526315 0.01328125 0.018421052631578946
2 0.8921875 0.32763157894736844 0.01484375 0.02236842105263158
2 0.934375 0.43157894736842106 0.01171875 0.017105263157894738
2 0.60859375 0.25263157894736843 0.04921875 0.04736842105263158
2 0.66640625 0.4052631578947368 0.053125 0.04736842105263158
2 0.54296875 0.49605263157894736 0.06953125 0.05131578947368421
2 0.48828125 0.2802631578947368 0.053125 0.05263157894736842
2 0.4109375 0.3026315789473684 0.04765625 0.05394736842105263
2 0.41640625 0.02368421052631579 0.021875 0.019736842105263157
2 0.3640625 0.11447368421052631 0.02890625 0.031578947368421054
2 0.33515625 0.15 0.0296875 0.035526315789473684