2 0.500196509104693 0.8968017629204671 0.008039820533113407 0.013464148136257324
2 0.5105884398252208 0.8647940607928648 0.00643185642649069 0.010771318509005978
2 0.5135543154520414 0.8554610331173093 0.0063863923198681505 0.008139739561637558
2 0.5165883872387961 0.8500753738628063 0.00643185642649069 0.010771318509005978
1 0.523210460279192 0.8261155352770169 0.024164925705962938 0.04302402335614039
2 0.4544257048689156 0.6457933269899994 0.01768760517284953 0.029621125899765993
2 0.45577159303214854 0.4521885223187713 0.03592077962517113 0.09082119916795334
2 0.458179876022532 0.22957509854660754 0.047676633544379496 0.13861837497976615
2 0.6161394770387464 0.05148964021912239 0.04083560015828454 0.10297928043824478
2 0.775094591382796 0.20135173684613925 0.01786946159934022 0.040147441689239824
2 0.7323628367639424 0.5335136658172505 0.006477320533113407 0.0134028974563744
2 0.7570302161516868 0.468029345388654 0.009647784639736123 0.01615697776350867
2 0.7575841456185733 0.45484082531187026 0.006386392319867973 0.008139739561637558
2 0.7735153710079671 0.2909479224164317 0.021085389812585655 0.045533100943742744
2 0.7707540838609486 0.3121230553551451 0.007903428213245434 0.005569411294152061
2 0.770200154394062 0.32531157543192873 0.012818248746358663 0.018911058070643312
2 0.7676661877801568 0.35964460310748425 0.006477320533113407 0.0134028974563744
2 0.7655724903665815 0.3742101633378352 0.006477320533113407 0.01340289745637425
2 0.7642827750063177 0.3900608877019287 0.006522784639736124 0.01603447640374282
2 0.7621663455394311 0.40331065845859543 0.00643185642649069 0.010771318509005829