2 0.27446880258642475 0.01716060297848069 0.02081260517284953 0.0291463994409011
2 0.2924328555685609 0.28834337022425205 0.021085389812585564 0.04493587312511163
2 0.27090719655564544 0.26313668416517866 0.014426212852981379 0.021190422284996357
2 0.2710746811162393 0.2276180234149299 0.02742631802583091 0.050260271333648035
2 0.27488399122451135 0.13161897711055712 0.024255853919208193 0.0475980722293798
2 0.47738085391920826 0.052037994979845736 0.061011707838416564 0.09531862508635869
2 0.543185361836767 0.19871068473601333 0.06004024122451135 0.1295138413236983
2 0.6071485734361073 0.23880442712375988 0.061966454077492725 0.15058178298109556
2 0.5971551109788372 0.4741929522071847 0.04869356426490725 0.10572246024823327
2 0.5156838021242063 0.5510130969967093 0.03725595909205772 0.07666792127803154
2 0.5834910792420951 0.6779719097652886 0.016170569279472247 0.031732048152919766
2 0.5055144949189281 0.866649469896421 0.011255748746358662 0.018528223180728196
2 0.5080401013454188 0.8771987508035696 0.008039820533113407 0.013234445129091311
2 0.5122418680384662 0.894342289157589 0.008130748746358663 0.01849760302382845
2 0.5239378859851549 0.8931413252722789 0.008085284639735946 0.015866024076459734
2 0.547716366784825 0.9131078185542902 0.009693248746358662 0.018512913102278473
2 0.5398811347315137 0.9117154786883567 0.008039820533113407 0.01323444512909161
2 0.5392817411580044 0.9222341394386053 0.008039820533113407 0.013234445129091311
2 0.5486794732113157 0.9236417893829889 0.008039820533113407 0.01323444512909161
2 0.5488158655311837 0.9315365262250942 0.008039820533113229 0.01323444512909161