2 0.2554707882559569 0.40796986425502935 0.004978598428423453 0.010802006074934855
2 0.26704398904174526 0.4125437964361133 0.009666098428423453 0.011077696360396024
2 0.2709309683635808 0.44121547457170474 0.009666098428423453 0.011077696360396024
2 0.2663890175777925 0.436228006962429 0.006541098428423453 0.010893902836755244
2 0.2626283167920042 0.43119459097224316 0.006541098428423453 0.010893902836755244
2 0.257305116006216 0.4262530717438777 0.006541098428423453 0.010893902836755244
1 0.2569797843270155 0.38160812640043495 0.019477746071058545 0.027418550615528888
2 0.41698402295447606 0.5469130180283839 0.029143844499482086 0.038496246975924915
2 0.3816694152204277 0.41368412128441995 0.017915246071058544 0.0273266538537085
2 0.3943171184874153 0.3511987386885193 0.016207196856846906 0.02197159919715127
2 0.693274695204217 0.5122721869355064 0.07867296360606986 0.08081873080288317
2 0.5085422843270155 0.3668127477473523 0.05465326674922295 0.058387647796630096
2 0.6381741263452982 0.3894025260300867 0.08008991439185813 0.07564746966996687
2 0.6961214052956303 0.6631744409809988 0.07064213978475227 0.0724645101516761
2 0.7707960736164298 0.6141184510701774 0.061194365177646405 0.06928155063338534
2 0.920314422459138 0.8483498275197175 0.038518844499482084 0.03904762754684725
2 0.8352480636916322 0.8783122526580184 0.04476884449948173 0.03941521459412881
2 0.7401902748165028 0.8747074288132727 0.04476884449948208 0.03941521459412881
2 0.7300147541383384 0.9042061778052477 0.03837329528527036 0.03378446965211041
2 0.5318683525667618 0.9053507507669634 0.009957196856846906 0.02160401214986971
2 0.5519261414418913 0.9133666191790876 0.02431079528527036 0.03295739879572705
2 0.603906018406362 0.9234459723949469 0.024165246071058633 0.027694240900990208