2 0.12622086575678065 0.05789473684210526 0.03408657366340586 0.03684210526315789
2 0.20081134207925738 0.046052631578947366 0.03408657366340595 0.03684210526315789
2 0.236195105233437 0.05263157894736842 0.04547909997176518 0.05
2 0.26363756577089814 0.03289473684210526 0.037029563140062206 0.031578947368421054
2 0.21133088410204498 0.19210526315789472 0.05816111049510884 0.05526315789473684
2 0.42512109734092923 0.04868421052631579 0.024438557878390377 0.02894736842105263
2 0.475067889434304 0.06973684210526315 0.024620568401734034 0.034210526315789476
2 0.49413640785015545 0.07894736842105263 0.01175654735504672 0.02368421052631579
2 0.48022509727034207 0.1736842105263158 0.031143584186749607 0.042105263157894736
2 0.3979718523202524 0.5513157894736842 0.08076415258848364 0.07631578947368421
2 0.5223116996611816 0.6 0.05521812101845249 0.060526315789473685
2 0.5828704970868154 0.4986842105263158 0.036013094710093264 0.04736842105263158
2 0.6313072680629157 0.6342105263157894 0.01800654735504672 0.02368421052631579
2 0.6617235391801902 0.5197368421052632 0.022876057878390376 0.02894736842105263
2 0.6752855102409951 0.5052631578947369 0.024529563140062292 0.031578947368421054
2 0.7081049864928846 0.618421052631579 0.018188557878390375 0.02894736842105263
2 0.6950666601986427 0.5802631578947368 0.01800654735504672 0.02368421052631579
2 0.7336587233387049 0.6118421052631579 0.011574536831702887 0.018421052631578946
2 0.7377091865070019 0.593421052631579 0.011574536831702887 0.018421052631578946
2 0.7192476128435961 0.5565789473684211 0.014699536831702886 0.018421052631578946
2 0.7410239023061349 0.5763157894736842 0.011574536831702887 0.018421052631578946
2 0.748790899675299 0.575 0.00826752630835923 0.013157894736842105
2 0.7528791601986426 0.5802631578947368 0.006614021046687313 0.010526315789473684
2 0.760319933876166 0.5921052631578947 0.006614021046687313 0.010526315789473684
2 0.7591214549228533 0.6026315789473684 0.006614021046687313 0.010526315789473684
2 0.7620112364928845 0.618421052631579 0.006614021046687313 0.010526315789473684
2 0.7502847812170952 0.6407894736842106 0.006614021046687313 0.010526315789473684
2 0.7692244970162282 0.6236842105263158 0.003307010523343834 0.005263157894736842
2 0.7731307470162282 0.6236842105263158 0.003307010523343834 0.005263157894736842
2 0.7725770101704079 0.6302631578947369 0.004960515785015574 0.007894736842105263
2 0.7717579628153611 0.6065789473684211 0.004960515785015574 0.007894736842105263