2 0.209375 0.85084372865291 0.0296875 0.07543024900090305
2 0.39140625 0.6559272295850452 0.0453125 0.11055974293489657
2 0.525 0.679649003817823 0.0546875 0.1426900708742401
2 0.23203125 0.5810901729749354 0.0203125 0.045931500008928226
2 0.24921875 0.5011319401738585 0.021875 0.0433918178233802
2 0.25703125 0.46646193004896713 0.0140625 0.021879702435330727
2 0.4 0.35805337634240153 0.0296875 0.05437761742195583
2 0.5953125 0.29788207058853716 0.01875 0.04320802429973942
2 0.565625 0.4785754774841772 0.04375 0.10257310933097091
2 0.47421875 0.39974091173488047 0.034375 0.07044278139162753
2 0.45625 0.37053456660107803 0.034375 0.07570593928636436
2 0.44296875 0.3160525311818145 0.0328125 0.054561410945596606
2 0.4890625 0.25018368197127094 0.0265625 0.05419382389831505
2 0.54296875 0.17596061210952016 0.01875 0.03268170851026573
2 0.5625 0.13928558679729164 0.0109375 0.024327487859058517
2 0.5625 0.1248119025867653 0.0109375 0.019064329964321676
2 0.56875 0.09681273659211533 0.0109375 0.019064329964321676
2 0.5734375 0.08732651999086469 0.00625 0.010893902836755244
2 0.59765625 0.0780073833405434 0.009375 0.013709275307764444
2 0.58046875 0.07638666877319926 0.009375 0.01897243320250127