1 0.24684647093340312 0.6646769781782779 0.05719686379145843 0.18425893681144226
2 0.21846885742628513 0.8174859046273596 0.02605466014423614 0.07754092750477969
2 0.3752630648732295 0.7360680102797541 0.05011040919430556 0.1234263365141948
2 0.41167138392743086 0.5986657018801655 0.04524107123840278 0.11003872839652211
2 0.4413939450978475 0.4866079635518226 0.0434603656913195 0.09417268358536836
2 0.5723166367772224 0.4564917783622559 0.045168336056041626 0.10477557050178542
2 0.5376714926848962 0.66490843277732 0.05984908510611113 0.15020155274953953
2 0.28619664561093766 0.4007291669241747 0.01609777868534721 0.034976237585224106
2 0.2797661140757989 0.501112022558892 0.022602351823611144 0.05370357472457685
2 0.24984222473312526 0.4854616108129231 0.025581881458888935 0.04333040118899021
2 0.25720012984336826 0.4521840183361005 0.015952308320624997 0.024449921795750423
2 0.25505640159486137 0.46677255923704203 0.014244337955902787 0.013847034879333215
2 0.26165124050069466 0.43484904179737544 0.014389808320624997 0.024373350668806897
2 0.2753136969977086 0.40521253323383155 0.014535278685347208 0.03489966645828058
2 0.6119921601442362 0.0463764788387902 0.011119337955902786 0.013693892625446336
2 0.5756370860560417 0.07449168979564579 0.011192073138263935 0.018957050520183198
2 0.5916432925530556 0.0447403245416868 0.009556837955902786 0.013617321498502888
2 0.5707495643045487 0.06024771896594986 0.011192073138263935 0.018957050520183198
2 0.5791251087574654 0.04403710408355029 0.008030705547083272 0.01617232931892784