1 0.5296875 0.009210526315789473 0.0328125 0.018421052631578946
2 0.33515625 0.15 0.03046875 0.03684210526315789
2 0.3375 0.20921052631578949 0.03671875 0.05263157894736842
2 0.5421875 0.49736842105263157 0.0671875 0.05131578947368421
2 0.690625 0.34342105263157896 0.04765625 0.04736842105263158
2 0.76015625 0.3684210526315789 0.034375 0.04342105263157895
2 0.79296875 0.38026315789473686 0.0265625 0.035526315789473684
2 0.7921875 0.41973684210526313 0.01875 0.030263157894736843
2 0.834375 0.3473684210526316 0.0234375 0.03289473684210526
2 0.86796875 0.3118421052631579 0.01484375 0.021052631578947368
2 0.87890625 0.31973684210526315 0.01171875 0.017105263157894738
2 0.89140625 0.33026315789473687 0.01484375 0.02368421052631579
2 0.9421875 0.45789473684210524 0.01328125 0.014473684210526316