1 0.9814119899745467 0.32542716806841154 0.011210220003181347 0.03958085475967549
2 0.9727546053071375 0.3345534889527267 0.017369313335454706 0.026484200336632943
2 0.8337108339831371 0.21739376324725165 0.03155908267027243 0.045043043674260805
2 0.7927045733211369 0.1590933093262245 0.04104317067154532 0.06092437782917063
2 0.957511413311592 0.27913723027349097 0.01580681333545435 0.02646889025818307
2 0.32754100795672925 0.540087841894533 0.0630090773392725 0.07429661366431109
2 0.502940997294729 0.4839078338388145 0.08337612133990895 0.08239038152626482
2 0.3071568773074557 0.3240840271120241 0.0598840773392725 0.07426599350741134
2 0.6819130713319546 0.02378811240126844 0.0392988573360908 0.034593278277036545
2 0.11430575863304701 0.4182535190416359 0.01893181333545444 0.026499510415082812
2 0.10171485196531978 0.43128893315087896 0.017387494668999894 0.029115779284001362
2 0.09149496729791072 0.4403999439567442 0.012663632001909009 0.023806691153914757
2 0.0392324859564111 0.5412105008415824 0.011046588001272672 0.015896644233359774
2 0.04719952729154738 0.5189186301812001 0.007903406667727219 0.01323444512909146
2 0.04170350529122921 0.5228124133276781 0.007903406667727219 0.01323444512909161