2 0.7841667019915838 0.4345114642467531 0.021185519237293705 0.04230429417774321
2 0.7694246449126749 0.5149353779652136 0.02436508293962447 0.044966493282011376
2 0.7614583774894796 0.5452827412914248 0.014499009618646853 0.021190422284996357
2 0.7113616629688423 0.6918559155376682 0.011319445916316085 0.018528223180728196
2 0.6538665883819201 0.25548842270645666 0.0525099303072194 0.12154255408934361
2 0.6686210583448533 0.32641091861858007 0.04097222958158007 0.09248801511914181
2 0.6215030108845913 0.4282089755634355 0.045714293283910835 0.09516552430185984
2 0.6323685890148923 0.4623199863693007 0.04248016587924912 0.08987174625022326
2 0.4869891124285372 0.3097658350871874 0.05752481252120454 0.13737795800890384
2 0.44978426750801315 0.5128031311134778 0.04258929328391083 0.0951349041449601
2 0.4623090932760617 0.8153734697470467 0.01622520072563951 0.029100469205551642
2 0.42065481741534594 0.6907562217082936 0.016170637023308565 0.02646889025818322
2 0.40543409989948354 0.8988423345310226 0.011264882213985139 0.015896644233359774
2 0.4134921365599723 0.9106078894019309 0.008085318511654194 0.013234445129091311
2 0.40977685951813037 0.9198566909138451 0.008085318511654194 0.01323444512909161
2 0.39964789136929585 0.9212719958974536 0.008085318511654194 0.01323444512909161
2 0.4362847958157996 0.9169648406328287 0.008085318511654194 0.013234445129091311
2 0.4476215998994835 0.8984289624128756 0.009756945916316085 0.018512913102278473
2 0.44390632285764153 0.9076777639247899 0.008030754809323425 0.010602866181722891
2 0.44080860470880695 0.9090241735553739 0.004851191106992658 0.007940667077455025