2 0.4047639975676633 0.7114398087587912 0.01751478246740401 0.03326493958465718
2 0.43390780113838573 0.5404378585764877 0.04001707386326192 0.09593706364934103
2 0.4726857033291364 0.3453555405121314 0.05454322402541774 0.14205335393152482
2 0.6384840271923984 0.26942047542813996 0.04481366801906326 0.10692319549778824
2 0.8084186517870087 0.3980458668438326 0.011210235389503253 0.027388693611289223
2 0.7582998750016477 0.48005990348776817 0.019186376623205346 0.04394452739378898
2 0.7426106452941872 0.5601827666694397 0.02231137662320535 0.044251071433104756
2 0.7354157540604851 0.5752825162651898 0.007894320616851047 0.008661096940394493
2 0.7345117731352085 0.5870479855185189 0.012690914772652384 0.019647228788841772
2 0.6996634403434928 0.7048052686748223 0.009538641233702095 0.01670910580215772
2 0.7021026477298191 0.6958246503885197 0.004769320616851047 0.00835455290107886
2 0.71507993466145 0.6509981949668351 0.006359094155801515 0.011139403868105097
2 0.7175327788172513 0.6407017872068482 0.009511367694751627 0.0140775268547893
2 0.7223566465120032 0.6280037085289797 0.007948867694751626 0.013924254835131334
2 0.7263856274372796 0.6165447833149664 0.007976141233702095 0.016555833782499755
2 0.40383096875370716 0.9523825544626594 0.011101141233702094 0.016862377821815388
2 0.4181389306042602 0.9300777921132644 0.007948867694751626 0.013924254835131334
2 0.4260741615295368 0.9190020469483957 0.007948867694751626 0.013924254835131334
2 0.42212700122111124 0.9225662353203036 0.006331820616851047 0.008507824920736528
1 0.43720257630218917 0.9016538984544217 0.02543637662320535 0.04455761547242039
2 0.6687719504897627 0.7426059379757047 0.008003414772652383 0.019187412729868177