2 0.8113056595427246 0.13836805022772045 0.02510908430895533 0.032558958246549745
2 0.7938192194547914 0.5034225157533344 0.022029536104353476 0.04559435162362574
2 0.7040032614128774 0.7340805026359075 0.014144313231716587 0.024235466645263003
2 0.7329504180287356 0.7470557454769016 0.011001132513557365 0.018849807390760313
2 0.7375970114128774 0.735397392253393 0.007857951795398143 0.013464148136257324
2 0.7777038609453392 0.5869899099303519 0.025154536104353652 0.04571685298339174
2 0.7715220386384363 0.6064817493160829 0.009411361436318443 0.010893819868771977
2 0.7692237404338343 0.6195477680331005 0.014126132513557366 0.01897230875052631
2 0.747594180128984 0.6897428900936853 0.007857951795398143 0.013464148136257324
2 0.7607390747427898 0.6507898366621648 0.009438632513557366 0.01878855671087724
2 0.7561015717177277 0.665079768833042 0.009420451795398143 0.013525398816140398
2 0.7514595235131257 0.678053911530235 0.009429542154477666 0.01615697776350867
2 0.5946186501729506 0.5008762119629833 0.04564884328594587 0.09914469076923982
2 0.4425567013044187 0.5764832180428077 0.0440954336450254 0.10171501903672517
2 0.4840124273985095 0.3662948811364919 0.05518746974937905 0.1468806159011697
2 0.41117541197861146 0.7633854738420475 0.01729658430895533 0.03225270484713471
2 0.42682820393669746 0.9970540059179535 0.006277271077238922 0.005891988164092996
2 0.430720818398078 0.9943836398953806 0.006286361436318444 0.010771318509005978
2 0.4361713876799188 0.9893348593802346 0.007857951795397966 0.013464148136257324
1 0.4470452551663614 0.9713425615078368 0.026726126463433177 0.048409682610643386