1 0.12265625 0.5052631578947369 0.03046875 0.031578947368421054
2 0.13359375 0.4697368421052632 0.01171875 0.018421052631578946
2 0.121875 0.4710526315789474 0.00859375 0.018421052631578946
2 0.18828125 0.425 0.01796875 0.025
2 0.2375 0.3986842105263158 0.0265625 0.03289473684210526
2 0.36640625 0.11315789473684211 0.02734375 0.03289473684210526
2 0.3359375 0.15 0.03046875 0.03684210526315789
2 0.41484375 0.2894736842105263 0.05625 0.04868421052631579
2 0.54296875 0.49605263157894736 0.06796875 0.04868421052631579
2 0.4171875 0.02368421052631579 0.01953125 0.017105263157894738
2 0.496875 0.009210526315789473 0.025 0.018421052631578946
2 0.7 0.4868421052631579 0.05078125 0.04736842105263158
2 0.76484375 0.41578947368421054 0.03359375 0.035526315789473684
2 0.86953125 0.3105263157894737 0.01484375 0.017105263157894738
2 0.8796875 0.31973684210526315 0.0109375 0.019736842105263157
2 0.8890625 0.325 0.01015625 0.019736842105263157
2 0.9390625 0.37894736842105264 0.00859375 0.013157894736842105