1 0.3344469210763277 0.0906473484225151 0.09701884215265535 0.1588769480078364
2 0.2825889292169281 0.4552719590451466 0.013073210085908293 0.018911058070643236
2 0.2783993962002413 0.42093893136959104 0.023267081637205766 0.04559435162362574
2 0.2915235159425165 0.3662576549337431 0.017262743102595034 0.053244085746198856
2 0.2723674021931351 0.327395377378246 0.020142081637205766 0.045471850263859664
2 0.43031934305716657 0.21268219116719358 0.049243083446227943 0.12809205919029246
2 0.40584496551297516 0.2787461927670766 0.0405298247398008 0.0988384373698246
2 0.44266993611433303 0.40897982546567313 0.04036605042954129 0.09357527947508776
2 0.4246159769329359 0.4306132383597082 0.03724105042954129 0.09345277811532175
2 0.5091580732694628 0.41421455830807086 0.04546298620519007 0.10691692625157909
2 0.5987218622790433 0.3585871967654395 0.0527775192218769 0.14137245528690054
2 0.612795407620202 0.5851786142985973 0.04357293758467122 0.09632935978222218
2 0.5515513704196437 0.72339555942772 0.028282130257724702 0.056304419452748646
2 0.6197181942549335 0.7825776606911705 0.016525758706427317 0.02955987521988307
2 0.5542470024863908 0.8601764140109949 0.018170145861557074 0.03225270484713441
2 0.5650450616223595 0.981504673649416 0.009866322930778538 0.01615697776350867
2 0.5684566666653136 0.9908377013249716 0.006577548620519025 0.010771318509005978
2 0.5717863845531379 0.9960920580692986 0.005015048620519024 0.007815883861402846