2 0.5865145256659815 0.5074084837355629 0.09004667984777566 0.11212695241756293
2 0.48057229589475553 0.9922694540052541 0.02745383794672147 0.01546109198949173
2 0.36835082159791804 0.7895460467514941 0.01964133794672147 0.038312918375192184
2 0.4329624668452826 0.9659916597412336 0.027517504942915848 0.041557336119241256
2 0.4145944688224489 0.9487313729449888 0.013073002965749581 0.024664752601005317
2 0.42227963483006015 0.9546073696364066 0.006695668973360824 0.01891132366892371
2 0.37648697376536483 0.906193494751058 0.008130834980971979 0.01377073353352306
2 0.382609639772976 0.9119469236831396 0.008130834980971979 0.01377073353352306
2 0.39019930528629565 0.9217702887956101 0.008130834980971979 0.01377073353352276
2 0.39707138779580975 0.9289007910810438 0.00969333498097189 0.01389330129285925
2 0.34893497673111434 0.880303064556691 0.00813083498097189 0.01377073353352276
2 0.34365722771969753 0.871979340556909 0.011383168973360735 0.019279026946931982
2 0.4666132025480076 0.4162692511389197 0.0628475098858317 0.08372751103516377
2 0.3165349480993833 0.4400903459117881 0.025891337946721472 0.038803189412536646
2 0.3619867109509646 0.34082938034616467 0.021076503954332713 0.03317232823979138
2 0.20927554642622814 0.31171247677332425 0.009757001977166358 0.01652488024022767
2 0.22270137646428423 0.339131376081034 0.008130834980971979 0.01377073353352306
2 0.22638479197760386 0.348648321795164 0.008130834980971979 0.01377073353352306
2 0.2293506244871179 0.3554724046822574 0.00813083498097189 0.01377073353352306
1 0.23902937201566 0.3760059372232057 0.027644838935304606 0.04682049401397825