2 0.60720014640429 0.8008175538209445 0.04011988585581072 0.0954717507454156
2 0.7840751695636539 0.7013506591846209 0.011665246071058632 0.026530137827062032
2 0.7412733935088059 0.6114492001072616 0.01827911910658777 0.03981051733726298
2 0.7318470436326404 0.528784122215204 0.021404119106587773 0.0398717597239424
2 0.7272152016143578 0.49862813849715615 0.013009422249741043 0.01866602217829648
2 0.7275961912752755 0.5130865121110126 0.008103598428423453 0.010679421756172085
2 0.7201668349889693 0.4711496655164862 0.00824914764263518 0.015942579650908926
2 0.7174784826316045 0.4554214342189551 0.006541098428423453 0.010648800562832524
2 0.7139361056671337 0.4423400924654622 0.00817637303552914 0.013311000703540505
2 0.7118834540955572 0.4318597084659981 0.004978598428423453 0.010618179369492815
2 0.7017657454518861 0.3741946305739405 0.00981164764263518 0.015973200844248785
2 0.7037820097199097 0.38599080404708885 0.004833049214211726 0.005355021474755823
2 0.6726797129868973 0.3247917438440646 0.00817637303552914 0.01331100070354058
2 0.4479022291169478 0.6882126842440623 0.04724318114108108 0.12717318288719578
2 0.4253444865605459 0.4874480762504927 0.038411836641598994 0.09017797165733935
2 0.4084181598437442 0.3089294045361958 0.014863020678164496 0.02922295916110987
1 0.45644474503760135 0.12519258487724885 0.02296661910658777 0.03990238091728207
2 0.4401305403228715 0.09395047063556447 0.006541098428423453 0.010648800562832487
2 0.44303721650155403 0.10178396509099033 0.00490582382131759 0.007986600422124318
2 0.4467979172873423 0.10697057000237793 0.006541098428423453 0.010648800562832449
2 0.4275406490903772 0.06921075077895189 0.006541098428423453 0.010648800562832468