2 0.9139404137726856 0.30722190082070044 0.019768844499482085 0.037577113421754404
2 0.9034588320934851 0.26294443881456014 0.01784247146395259 0.0243579680050293
1 0.9321253335412273 0.3551404778484782 0.041536836641599 0.09100495120760241
2 0.8264468759310134 0.14109884882853685 0.034049668320799496 0.04602310638280707
2 0.6760166904467061 0.0068435739898825764 0.038591619106587774 0.013687147979765153
2 0.5591651765929673 0.23963873380555475 0.07391268899896417 0.07650174180093583
2 0.46062916914936913 0.44459893873228007 0.083287688998964 0.07686924588023412
2 0.45042156927320365 0.36219420732923907 0.08030823821317572 0.08200990241520482
2 0.2596339034336034 0.3473289945622804 0.051601041356328814 0.05985475859836272
2 0.28003198656054584 0.4845375037609353 0.06424659057054054 0.06560792193216386
2 0.07413305107623853 0.33882835178415194 0.01791524607105859 0.026989546952397723
2 0.06286806534426218 0.3510992118064911 0.014717471463952725 0.024235466645263153
2 0.05245710421939167 0.36070786754152034 0.013154971463952725 0.02417421596538008
2 0.0022719945208726218 0.4350669356903509 0.0045439890417452436 0.013525398816140398
2 0.05332393734633417 0.4986820102387134 0.017988020678164428 0.029621125899765993