2 0.8753976461049661 0.23734277239563606 0.028479556006354302 0.03503734518081028
2 0.3090987159110381 0.46971455776165333 0.06164661201270878 0.07021249350579074
2 0.48457600284266905 0.4185172754670207 0.08204093262955983 0.07870437730596672
2 0.1651811205374208 0.41475296172444315 0.030096603084255102 0.040346437456937084
2 0.09952489285855512 0.3443367518808886 0.017460235389503385 0.02682106766897469
2 0.0876834119332786 0.3565233650044718 0.014307961850553053 0.024097619958826193
2 0.0766095442385269 0.3700028004110442 0.014307961850553053 0.024097619958826193
2 0.0953225880700167 0.44837598906472126 0.019022735389503387 0.0268670020503648
2 0.05352087175523677 0.4877511449083996 0.014280688311602719 0.021466041011457774
2 0.0720254099046837 0.5108841428580349 0.019077282467404078 0.03213015994510164
2 0.024082787745705138 0.5399167204377996 0.009538641233702039 0.016065079972550897
2 0.029738498378442203 0.4463578646620506 0.00797614123370204 0.016019145591160786
2 0.02501008807001669 0.4504430362272733 0.007948867694751694 0.013387566643792214
2 0.017047583605789823 0.46514639234474986 0.007948867694751699 0.013387566643792363
2 0.008730523135208534 0.5140602747780159 0.00797614123370204 0.016019145591160786
2 0.004933367291009894 0.5036487949420173 0.0079488676947517 0.013387566643792214
2 0.002432591721817022 0.5169215256323346 0.004865183443634044 0.013387566643792214
2 0.011497012988938803 0.4732018995217203 0.008003414772652378 0.018650724538529204