2 0.9574181411996598 0.25455469541860615 0.04144345553496294 0.04305947963515549
2 0.9043204230508252 0.24854978885117612 0.03659226442797028 0.03475099716713146
2 0.8268501874787955 0.21007508105077596 0.04295139183263217 0.04056581589642666
2 0.6120014590783419 0.41784127496243645 0.05599702885594056 0.06798492703922744
2 0.6019766399337154 0.637095413837461 0.07803571996293321 0.07781047680228695
2 0.4774850714220612 0.6392890494874564 0.05594246515360979 0.06535334809185901
2 0.6784151766790224 0.08360836868021419 0.016006945916316084 0.019800204717974765
2 0.614687493376578 0.1373022866504204 0.02403770072563951 0.031016096550646396
2 0.5645510841207508 0.13946794734237483 0.024146828130301046 0.0362792544453832
2 0.5449107067160892 0.1430071651291169 0.00970238221398514 0.016616964936047987
2 0.5527504885672546 0.1423809516986306 0.003452382213985139 0.016065304101489705
2 0.5023685426509387 0.1563887176537429 0.006468254809323426 0.011077976624032041
2 0.5102628882044349 0.15313092527588817 0.006468254809323426 0.011077976624032041
2 0.5181299519067657 0.1511889223717177 0.006468254809323426 0.011077976624032041
2 0.5267782656090966 0.14931587707186697 0.006468254809323426 0.011077976624032041
2 0.4629960186043215 0.20564137398944157 0.011319445916316085 0.019386459092056073
2 0.46618550599044983 0.16505877311819042 0.008085318511654194 0.013847470780040014
2 0.47407985154394605 0.1618009807403357 0.006468254809323426 0.011077976624032005
2 0.3687003484639032 0.6389144688027949 0.01767857332097762 0.025201277821351273
2 0.2468724776826634 0.5503875883728995 0.006468254809323426 0.011077976624032041
2 0.2532316050873251 0.545676091312721 0.0032886911069925696 0.008170567259384441
2 0.2564384506408214 0.5420045533089476 0.006468254809323426 0.011077976624032041
1 0.2699652373013103 0.531334727319226 0.02420139183263199 0.03891083339275173
2 0.23011156361751284 0.5660447418400786 0.006468254809323426 0.011077976624032041