1 0.425 0.8403457799868747 0.034375 0.11322280649486959
2 0.378125 0.7519175496090653 0.015625 0.03280462496178296
2 0.38515625 0.9566291525867893 0.009375 0.01389330129285925
2 0.39765625 0.9569643999857841 0.009375 0.01389330129285925
2 0.42734375 0.9585829809794493 0.009375 0.008630143398122408
2 0.3953125 0.5466219358353147 0.034375 0.10006491175802748
2 0.41640625 0.31601990266322355 0.0453125 0.14302814923127555
2 0.58984375 0.19188856558743383 0.04375 0.12974768673509726
2 0.73359375 0.023094562886528565 0.028125 0.04618912577305713
2 0.73125 0.2834277623148779 0.0171875 0.059242982194803215
2 0.74765625 0.33345659031553215 0.01875 0.043576076269928876
2 0.7328125 0.46225256297659434 0.0125 0.016770015758900053
2 0.73828125 0.4276130495031282 0.021875 0.04382121178860126