2 0.42758253604610486 0.411889267681831 0.06144151878308044 0.15453500709543877
2 0.5737638107606842 0.22561322884912374 0.04942167984777566 0.10894019067482226
2 0.7410030488976861 0.33364867284236255 0.021331171939110227 0.043698644029265064
2 0.7434940375289796 0.42480584980458164 0.024519838935304607 0.04657535849530587
2 0.7422352850575217 0.44448140803017666 0.009566000988583134 0.008630143398122408
2 0.7426663665784525 0.45901637612037105 0.014571835969555202 0.022155741412973086
2 0.7368209317877609 0.60356936658663 0.011383168973360825 0.019279026946932284
2 0.7379205167687329 0.5904727557294559 0.008130834980972067 0.01377073353352306
2 0.7384126066926207 0.5377798929024195 0.006568334980972068 0.013648165774186868
2 0.7387309416735928 0.5246219981655773 0.008194501977166268 0.01640231248089148
2 0.7406436101526619 0.5102708817143872 0.008258168973360824 0.0190338914282599
2 0.7418386956279255 0.4932269024361605 0.009820668973360824 0.019156459187596092
2 0.7147085098486506 0.6440199649934862 0.013073002965749581 0.024664752601005317
2 0.43639250886006753 0.6300976406737513 0.0461693458553869 0.10343189726141304
2 0.4457436511416826 0.8259375926130402 0.017951503954332714 0.03292719272111885
1 0.5223605478719218 0.984025055763827 0.027644838935304606 0.031949888472345984