2 0.9600222637101801 0.7701488042653525 0.03837301923729371 0.043942970204537794
2 0.9027454770496913 0.779196063395074 0.04004464664195524 0.04928269922621816
2 0.8235292030030742 0.8279990859952693 0.047911710344286006 0.0522971338083039
2 0.6703099445655536 0.9759114157034335 0.017624009618646852 0.021894913975325524
2 0.6010887186121707 0.9198341360436093 0.02721726442797028 0.032880656526459745
2 0.6125867577197303 0.6293126613037009 0.06564484736759475 0.07945520567836627
2 0.5705679272271764 0.39280500117960754 0.08623016587924895 0.09360852506547328
2 0.43985364056668763 0.39825341734298636 0.05928571996293304 0.07388576327585548
2 0.4357464608076224 0.8603635215504465 0.014499009618646853 0.02174177172143848
2 0.4426859415703287 0.9028516403430585 0.011210318511654193 0.013693892625446168
2 0.45047115971916335 0.9045502854514599 0.008085318511654194 0.013540750371559421
2 0.547854591207509 0.9224938756222685 0.025818455534962936 0.04069882224162149
2 0.5354091549098399 0.9192497276593524 0.006577382213985139 0.016095758191984617
2 0.5275966549098399 0.9188668720246351 0.01142857332097762 0.024220208414919852
2 0.5073660004633361 0.9139240789533173 0.011264882213985139 0.01632547157281459
2 0.4972370323145016 0.9121105771545006 0.00813988221398514 0.01617232931892784
2 0.488670564165667 0.9103736464826275 0.00813988221398514 0.01617232931892784
2 0.48166659601683237 0.9087132869376976 0.008085318511654194 0.013540750371559421
2 0.32468250835270246 0.4084149131968523 0.017733137023308566 0.027158071870062365
2 0.17905006062228795 0.49215984320226425 0.00970238221398514 0.016248900445871364
2 0.1974453965571374 0.5101839598834805 0.008085318511654283 0.013540750371559421
2 0.20361355100364112 0.514437612812307 0.008085318511654283 0.013540750371559421
2 0.20821920545014483 0.5186146946141901 0.008085318511654283 0.013540750371559421
1 0.22287198249198684 0.5285526466359425 0.025873019237293703 0.04333040118899021