2 0.7401956681249301 0.9329663192781875 0.048655705547083275 0.01958907422363214
2 0.6567500013311802 0.7029267246581876 0.0652262629177777 0.089235804448573
2 0.49876023584795115 0.33284031866671326 0.058830792553055566 0.07821921762175447
2 0.6187447743169442 0.403604475212896 0.08572060087368065 0.10398708005678528
2 0.5181394833794093 0.9070111723520142 0.025472778685347208 0.03617161046516853
2 0.45318728381624956 0.8634748077178181 0.012790940729444422 0.022033173653636894
2 0.46094523242947877 0.8668093373421898 0.006468205547083272 0.01627974472155529
2 0.4709378282691662 0.8778547521696626 0.027108013867708357 0.041557336119241256
2 0.3611829281929163 0.7445130838043048 0.011119337955902786 0.01401586905219514
2 0.3814947749825343 0.7994373664216874 0.011192073138263935 0.019279026946931982
2 0.3884532898001732 0.8041489693994114 0.0063954703647222996 0.011016586826818447
2 0.4146702976839579 0.8270653174906963 0.007994337955902786 0.01377073353352306
2 0.42161062870600646 0.8330927099421046 0.009629573138263936 0.019156459187596092
2 0.4285327759324648 0.8404358918671969 0.007994337955902786 0.01377073353352276
2 0.4354549231589232 0.8477790737922895 0.011119337955902786 0.014015869052195441
2 0.39423704321864567 0.2726925897903265 0.019113675911805572 0.02778660258571835
2 0.25739100664951375 0.2926277950480318 0.007994337955902786 0.01377073353352306
2 0.26118815387597205 0.3002161124917966 0.006395470364722211 0.011016586826818447
2 0.2634409848980207 0.3066112082212134 0.007994337955902786 0.01377073353352306
1 0.2741057279641665 0.32549007601112323 0.027144381458888932 0.04418891506660983
2 0.24369218256131928 0.2674151154083732 0.007994337955902786 0.01377073353352306