2 0.2324616971956095 0.18454034706758551 0.0056701458615570745 0.03199269299433982
2 0.2648072077110591 0.29761809421689145 0.021704581637205768 0.04652973981757774
2 0.42681920680654795 0.27124075983551726 0.04538109905006031 0.10635528958063718
2 0.5668577086155702 0.36495624556422157 0.05261374491161739 0.13848589778361645
2 0.5742718181810801 0.5781830979053835 0.04028416327441153 0.09278364921787631
2 0.5761386126177277 0.7633646256732582 0.014963258706427318 0.030188605298808638
2 0.5381959565794053 0.9939148749067621 0.011428822930778538 0.012170250186475665
2 0.5278792542954132 0.965116540739294 0.006577548620519025 0.011077976624032041
2 0.524467649252459 0.9556301840062252 0.006495661465389269 0.00844639767666362
2 0.5219191813646347 0.9488443638248447 0.006577548620519025 0.011077976624032041
1 0.5149321969684669 0.9246084924639706 0.023021420171816586 0.038772918184112146
2 0.3098784475342938 0.5692801542515006 0.01159259724103805 0.022018038039424495
2 0.286031511758645 0.5540535313850647 0.008303822930778536 0.016479049727408473
2 0.28405957598299625 0.5407577214395831 0.006495661465389269 0.00844639767666362
2 0.2674275966752111 0.38182862053268096 0.02310330732694634 0.041404497131480415
2 0.27046738749381405 0.4044039143982719 0.009702548620519025 0.01135380704131122
2 0.2693143232694628 0.4174238939264744 0.014635710085908294 0.01966228950933525
2 0.2802009136130958 0.49186663810030795 0.006577548620519025 0.011077976624032041
2 0.27822897783744704 0.47857082815482627 0.011428822930778538 0.01675488014468765
2 0.27547579206179834 0.4652060606050248 0.006577548620519025 0.011077976624032041
2 0.2742032191310198 0.44934762931649447 0.009948210085908293 0.019248543883416482