2 0.972686806055043 0.7113510861132389 0.03940794533736351 0.05114835953475114
2 0.8972964547262698 0.7657022159842427 0.0472386266709087 0.05400961038906967
2 0.7523754007399512 0.9311441934295365 0.018895450668363623 0.021603844155628108
2 0.6786106367361332 0.8816168564515728 0.028361357336090798 0.03503734518081028
2 0.5064992794000424 0.8423535481828782 0.014207950668363622 0.021466041011457923
2 0.5192719994032241 0.8821947074445249 0.011064769334818082 0.018742593301309278
2 0.5278748400699967 0.8837631360158543 0.007903406667727176 0.013387566643792214
2 0.558334499403224 0.883343066979276 0.007903406667727353 0.013387566643792214
2 0.5661560900699968 0.8848885283599106 0.00950226933481808 0.018696658919919316
2 0.5755401807367695 0.8864799241219349 0.007903406667727353 0.013387566643792214
2 0.5849242714035422 0.8880713198839595 0.011046588001272718 0.01611101435394086
2 0.6247680214035423 0.8892426466094058 0.02999658267027261 0.04560959535167393
2 0.6130310900699968 0.8862665598016118 0.006377269334818081 0.018604790157139093
2 0.6052458620703149 0.8899842563157144 0.012663632001909165 0.02405168557743608
2 0.6977226213796797 0.5953948653371806 0.06306362133990877 0.08341632262402282
2 0.6163988013605897 0.3562101066231303 0.0866102093411815 0.09989481202908411
2 0.48531243336249863 0.37603582911268213 0.059902258672817864 0.07806129596650604
2 0.3706504966979531 0.398975441554198 0.01894999466899989 0.02949858099773322
2 0.23075275003977094 0.5001045051238306 0.009484088001272716 0.016065079972550897
2 0.2511652473742709 0.5151753362924276 0.007903406667727176 0.013387566643792363
2 0.2621572913749072 0.5233916138042632 0.007921588001272717 0.016019145591160786
2 0.257442519374589 0.5193064422390404 0.007903406667727176 0.013387566643792214
1 0.2762743353755435 0.5316997600788789 0.02687158267027252 0.045517726588894004