2 0.13922166749048598 0.001921372513646179 0.04094333498097198 0.003842745027292358
2 0.22834783448668036 0.0012436219589377158 0.05044566897336074 0.0024872439178754316
2 0.46807883794672145 0.009828611903788148 0.02745383794672147 0.019657223807576295
2 0.4125822075281046 0.2945707398056133 0.06609984387822046 0.08923580444857285
2 0.3983180721665717 0.5461641206769837 0.0930443458553869 0.10710893004149846
2 0.5306649985543063 0.613561291719781 0.0627838428896375 0.08109593208779535
2 0.6469412559686801 0.6637630877243612 0.021076503954332713 0.03317232823979138
2 0.8079742564629717 0.6550859769337871 0.009820668973360824 0.019156459187596092
2 0.7924620030029306 0.6286187917001126 0.008130834980972067 0.01377073353352306
2 0.7868022520143474 0.6211530420156839 0.006568334980971891 0.013648165774186868
2 0.7842993345238615 0.614757946286267 0.008130834980972067 0.01377073353352306
1 0.7713854990485979 0.5986332252030618 0.027644838935304606 0.04682049401397825
2 0.6204000247145794 0.1490767238741763 0.014635502965749581 0.024787320360341432
2 0.521154758402957 0.026351483178614587 0.030769838935304605 0.047065629532650595
2 0.5323787598858317 0.03733561412641922 0.006632001977166268 0.016279744721555252
2 0.5410680103801233 0.04060885987112286 0.013073002965749581 0.02466475260100524
2 0.5609812623572896 0.05486623656363113 0.011383168973360825 0.019279026946932207
2 0.56901659684397 0.0634639240827397 0.008130834980972067 0.013770733533523021
2 0.5778013478325532 0.07068453824849597 0.009820668973360824 0.019156459187596037
2 0.5849917653230392 0.0767119306999042 0.00813083498097189 0.013770733533523002
2 0.6216296022811776 0.10284024065622466 0.011383168973360825 0.019279026946932207
2 0.6136261012925944 0.09555834261080032 0.008194501977166268 0.016402312480891405