2 0.25088610380510695 0.10921052631578948 0.014863020678164496 0.02894736842105263
2 0.2750641583960021 0.2236842105263158 0.021476893713693723 0.042105263157894736
2 0.2687006883797915 0.34078947368421053 0.014644696856846906 0.021052631578947368
2 0.2687927336650618 0.3092105263157895 0.024601893713693635 0.042105263157894736
2 0.2698458114153207 0.32763157894736844 0.00959332382131759 0.007894736842105263
2 0.2680414088102869 0.4776315789473684 0.011446922249741042 0.018421052631578946
2 0.26836889454226326 0.46578947368421053 0.008176373035529316 0.013157894736842105
2 0.26897036207727454 0.41578947368421054 0.008176373035529316 0.013157894736842105
2 0.26929784780925087 0.4039473684210526 0.009738873035529316 0.013157894736842105
2 0.2688804708447802 0.3907894736842105 0.008176373035529316 0.013157894736842105
2 0.2685358684874153 0.375 0.00824914764263518 0.015789473684210527
2 0.305505021506734 0.4789473684210526 0.016352746071058542 0.02631578947368421
2 0.4533945579006641 0.5552631578947368 0.033142139784752264 0.06842105263157895
2 0.5703916209686147 0.3078947368421053 0.056909279569504534 0.1368421052631579
2 0.5543770150965932 0.5197368421052632 0.0448073858558109 0.09473684210526316
2 0.47193042638807936 0.9302631578947368 0.00981164764263518 0.015789473684210527
2 0.4649912216733497 0.8986842105263158 0.00817637303552914 0.013157894736842105
2 0.4629385701017731 0.8881578947368421 0.008176373035529316 0.013157894736842105
2 0.4608131439230907 0.8802631578947369 0.008176373035529316 0.013157894736842105
1 0.4567442280834905 0.8578947368421053 0.026164393713693813 0.042105263157894736
2 0.5352202925991831 0.7039473684210527 0.01642552067816432 0.02894736842105263