2 0.3619827578714844 0.5989418500409467 0.08309634288963733 0.0771119135530781
2 0.2707568744871179 0.3341092562598539 0.06265650889724857 0.07164972463849278
2 0.6068814223962209 0.61364343088221 0.021076503954332537 0.031777978388269526
2 0.4913519228905123 0.6108290082664486 0.05615184091247087 0.061062168535219626
2 0.007464990114168256 0.1749081395293007 0.014929980228336512 0.03439424725718808
2 0.05514114475307297 0.17441821701890448 0.03364017095052709 0.03453203796323699
2 0.13731431619789164 0.13546419820266847 0.04320617193911023 0.04251863527604156
2 0.36462357410655705 0.07009399712981834 0.024137836958138335 0.029177019597800866
2 0.4168718236122654 0.07352847792279991 0.027517504942915848 0.03973395554417431
2 0.42924448961987666 0.0786691551899377 0.005005834980972068 0.013203824972191755
2 0.43780640612177957 0.07990073923214755 0.011446835969555025 0.021159802128096542
2 0.5439635642207253 0.14726539645068462 0.011255834980972068 0.013265065285991277
2 0.5200140696579327 0.10408930507430379 0.00975700197716627 0.01588133415490983
2 0.5114839866541272 0.10154193155840971 0.006504667984777513 0.010587556103273206
2 0.4571784886312935 0.08628831061994509 0.008067167984777513 0.010602866181723115
2 0.4664898216350991 0.0888280290966142 0.006504667984777513 0.010587556103273206
2 0.4757693211408075 0.09268353704696754 0.009693334980972069 0.013249755207541406
2 0.4827369041446131 0.09524622064131148 0.006504667984777513 0.010587556103273206
1 0.7141792692401909 0.5047229187839625 0.02439250494291585 0.03970333538727453
2 0.7287365177573161 0.5164195783018466 0.006504667984777513 0.01058755610327317
2 0.7317341837649274 0.5216521160396835 0.0033796679847775124 0.010556935946373426
2 0.7378250162744413 0.5281698230943052 0.006504667984777513 0.01058755610327317
2 0.7561611807991777 0.5450913653108013 0.006632001977166268 0.01585071399801001