2 0.2234375 0.7806946201212608 0.0171875 0.03981051733726298
2 0.2328125 0.6887730841234042 0.0234375 0.042564581057990235
2 0.23828125 0.6533539425106195 0.0125 0.01866602217829663
2 0.2375 0.6691281055981602 0.009375 0.008078464002143524
2 0.26171875 0.510392207779136 0.0078125 0.015942579650908926
2 0.2578125 0.5234735495326288 0.00625 0.010648800562832524
2 0.25234375 0.5773137437769926 0.00625 0.010648800562832524
2 0.25 0.589109917250141 0.009375 0.015973200844248785
2 0.24375 0.6179348008978348 0.00625 0.010648800562832524
2 0.24609375 0.6048228379510021 0.0078125 0.010679421756172085
2 0.29375 0.5241778369794419 0.009375 0.015973200844248636
2 0.51484375 0.8271949463633248 0.040625 0.14026983523735848
2 0.440625 0.5257404396796892 0.0265625 0.07157319186572214
2 0.5453125 0.39752890173871197 0.015625 0.029253580354449582
2 0.52265625 0.12997963127739162 0.00625 0.013280379510200871
2 0.5125 0.15872796194173622 0.00625 0.010648800562832449
2 0.50859375 0.16786193527417648 0.00625 0.010648800562832487
2 0.50546875 0.17701121920328655 0.0078125 0.01067942175617216
1 0.49765625 0.1992265342892196 0.0203125 0.0398717597239424