2 0.011939227874093506 0.06457319972045056 0.011956344499482005 0.036949275812307066
2 0.057506438998964 0.07422771831128662 0.035321069892376156 0.03454734804168688
2 0.1418621683207996 0.046114749165752575 0.044914393713693726 0.04253394535449145
2 0.3761451230355293 0.016839968604038844 0.02260274607105863 0.026530130571982564
2 0.43041524607105863 0.03052606104740189 0.02431079528527036 0.031808598545169285
2 0.4423523198923761 0.038535623477881274 0.00668664764263518 0.01585071399801006
2 0.45098245719592905 0.03993561838303984 0.009957196856846906 0.02114449204964667
2 0.4976947913563288 0.06275568674994295 0.006541098428423453 0.010587556103273206
2 0.4897731294456701 0.05873176793664091 0.006613873035529139 0.013219135050641628
2 0.48099744292790547 0.05206861513674551 0.00668664764263518 0.01585071399801005
2 0.4715496683207996 0.04934517571867779 0.009666098428423453 0.010618176260172986
2 0.5284546397847523 0.07358054906918934 0.006541098428423453 0.010587556103273206
2 0.5371211643918581 0.07629633344803212 0.009738873035529316 0.013249755207541406
2 0.5309097057481871 0.13411451989788797 0.013082196856846907 0.02117511220654641
2 0.5406935822983729 0.3749346137389982 0.03866439371369381 0.04247270504069194
2 0.3698952388323483 0.4969117505181522 0.08150686517764641 0.06657028768515455
2 0.5057428475998539 0.5232360723040669 0.05465326674922295 0.05578370056203276
2 0.6250386571531479 0.5441364803715212 0.01940497146395259 0.023867931467714393
2 0.77785328804656 0.5061708388883083 0.008103598428423453 0.01060286618172319
2 0.7594115031003719 0.48888950982824 0.006541098428423453 0.01058755610327317
2 0.7529795665826072 0.48224932214601934 0.004978598428423453 0.010572246024823298
2 0.7488913800648426 0.4756320995814736 0.006541098428423453 0.01058755610327317
1 0.7352462570293132 0.46234406917780746 0.022748295285270358 0.031793288466719395