2 0.40880214735974557 0.7897862597447826 0.0379563569862416 0.09842491182460279
2 0.25253973447572137 0.642972039647323 0.01638889183263199 0.03730144907705841
2 0.25539935044763773 0.5546763417663106 0.022693455534962846 0.04011676554998698
2 0.2580605589778254 0.532216051950899 0.009484127404661712 0.005538764183077211
2 0.25856899046617116 0.519035190023362 0.012827382213985139 0.016156948735330818
2 0.2687599568009072 0.4450064716366207 0.004905754809323426 0.010664118933643869
2 0.26666174346139604 0.4569174784718637 0.006522818511654283 0.013341632262402252
2 0.26461809382421575 0.4714600642544751 0.006577382213985139 0.015973211209770674
2 0.26335569418703547 0.4859796828463914 0.00813988221398514 0.016019145591160786
2 0.27445439609380123 0.38032608270983925 0.00970238221398514 0.016065079972550897
2 0.27238346460545554 0.3935528790187664 0.006468254809323426 0.010710053315033831
2 0.5651215800292176 0.6377325317903664 0.04653274881887377 0.1354966889947108
2 0.5715030108845912 0.41767414901537286 0.03472222958158007 0.09306988516708573
2 0.5745783924656042 0.22667797061490708 0.01622520072563951 0.029406712234953072
2 0.5246825414698122 0.006957436096271053 0.006468254809323426 0.010710053315033871
2 0.518732641832632 0.021614857832357552 0.006468254809323426 0.010710053315033868
2 0.5225297644279703 0.016236863984145596 0.006413691106992659 0.008078474367665447
1 0.5106299651536097 0.0455517074563186 0.022638891832631992 0.037485186602618535
2 0.29790925426116927 0.3427719945351356 0.008249009618646852 0.021282303485897627