2 0.9567195126334372 0.24868421052631579 0.039608013867708534 0.039473684210526314
2 0.9328832755512153 0.16447368421052633 0.034847778685347205 0.034210526315789476
2 0.9844821431423959 0.1618421052631579 0.027108013867708537 0.039473684210526314
2 0.8512884366453818 0.13289473684210526 0.0474568814588892 0.042105263157894736
2 0.6220496526417011 0.6092105263157894 0.07921602773541672 0.07894736842105263
2 0.6935136106573264 0.017105263157894738 0.017369337955902786 0.013157894736842105
2 0.6269612370822222 0.08421052631578947 0.023837543502986235 0.02894736842105263
2 0.4781951223408332 0.22105263157894736 0.014498911094166723 0.031578947368421054
2 0.5752896343086805 0.09210526315789473 0.022311411094166723 0.031578947368421054
2 0.5549043991263194 0.09736842105263158 0.0096659407294446 0.021052631578947368
2 0.5634981491263193 0.09736842105263158 0.004905705547083273 0.015789473684210527
2 0.5101185759880555 0.11578947368421053 0.0063954703647222996 0.010526315789473684
2 0.5171498259880555 0.11578947368421053 0.0063954703647222996 0.010526315789473684
2 0.5258344949660069 0.10921052631578948 0.0063954703647222996 0.010526315789473684
2 0.5344646125571874 0.10657894736842105 0.0079579703647223 0.010526315789473684
2 0.47950435562333327 0.12631578947368421 0.0063954703647222996 0.010526315789473684
2 0.4724185542365625 0.13026315789473683 0.009593205547083272 0.015789473684210527
2 0.4921075795034372 0.6276315789473684 0.0554875870059723 0.05789473684210526
2 0.35766115074184 0.5197368421052632 0.02223867591180557 0.02631578947368421
2 0.379462109138715 0.6381578947368421 0.017514808320625 0.02368421052631579
2 0.2318246961446872 0.5802631578947368 0.007994337955902786 0.013157894736842105
2 0.2492667692829511 0.5618421052631579 0.006395470364722211 0.010526315789473684
2 0.2540451882609025 0.5552631578947368 0.006395470364722211 0.010526315789473684
2 0.2587872396476733 0.5513157894736842 0.0063954703647222996 0.010526315789473684
1 0.2722685113991664 0.5368421052631579 0.022384146276527784 0.03684210526315789