2 0.9188402657675695 0.01920190945684147 0.039717116641249814 0.03840381891368294
2 0.5613732578837848 0.009629929852660432 0.025436411094166545 0.019259859705320865
2 0.435408210296736 0.19071392113491167 0.01609777868534721 0.034823033114619914
2 0.4185850394189236 0.10852356711146138 0.011155705547083273 0.016218228443391818
2 0.42568902460128466 0.10298478115725086 0.007994337955902786 0.013464148136257324
2 0.45330553153513886 0.08217605215403445 0.007994337955902786 0.013464148136257324
2 0.4596100829219097 0.07798368101344964 0.009593205547083272 0.01615697776350878
2 0.4683129356954513 0.06975206543198764 0.007994337955902786 0.013464148136257324
2 0.47621635467340273 0.06286686466415137 0.011119337955902786 0.013586649496023397
2 0.4936402440160764 0.04508784402754316 0.011264808320624908 0.02411296528549708
2 0.5022703616072569 0.042119386340818 0.006468205547083272 0.01603447640374271
2 0.5125175305852083 0.03514230955315717 0.025581881458888844 0.04308527403602343
2 0.6262838641727081 0.5041102177284786 0.08245013050895836 0.09002714061707623
2 0.5035178581887845 0.5733614549698822 0.05559668977951375 0.06793324748011706
2 0.3668361289903469 0.5195409884838006 0.025472778685347208 0.035190537193918056
2 0.3941422049784024 0.6341973245901749 0.01755117591180557 0.026989546952397723
2 0.24494163877399275 0.6387309750453213 0.008067073138263936 0.018727306030994165
2 0.260130880890208 0.6131490935864323 0.007994337955902786 0.013464148136257324
2 0.2681434026417011 0.5983691559764909 0.008030705547083272 0.016095727083625746
2 0.2649092998681594 0.6063863941783622 0.007994337955902786 0.013464148136257324
1 0.2777547919843747 0.5808963887392978 0.025581881458888935 0.043085274036023316