1 0.6625 0.5460526315789473 0.05625 0.04868421052631579
2 0.615625 0.618421052631579 0.01640625 0.02236842105263158
2 0.725 0.6013157894736842 0.01015625 0.013157894736842105
2 0.72578125 0.5828947368421052 0.01015625 0.013157894736842105
2 0.73046875 0.5618421052631579 0.0078125 0.010526315789473684
2 0.7265625 0.5381578947368421 0.00859375 0.013157894736842105
2 0.73203125 0.5434210526315789 0.00625 0.009210526315789473
2 0.73515625 0.5473684210526316 0.00390625 0.009210526315789473
2 0.73984375 0.5526315789473685 0.00625 0.009210526315789473
2 0.50859375 0.6 0.04921875 0.04868421052631579
2 0.3875 0.5736842105263158 0.071875 0.06184210526315789
2 0.32421875 0.31973684210526315 0.06484375 0.060526315789473685
2 0.11015625 0.14342105263157895 0.0328125 0.034210526315789476
2 0.1875 0.11710526315789474 0.03984375 0.03684210526315789
2 0.228125 0.11315789473684211 0.03984375 0.039473684210526314
2 0.37421875 0.10657894736842105 0.03125 0.025
2 0.4 0.08157894736842106 0.02265625 0.02631578947368421
2 0.46796875 0.1 0.00859375 0.018421052631578946
2 0.44921875 0.09210526315789473 0.02265625 0.030263157894736843