2 0.3963056116629898 0.18148259932415617 0.043390435070022625 0.10199084930053003
2 0.23705258209348518 0.31070587745643946 0.01984161910658786 0.04039253773384784
2 0.23465102005899188 0.3975479827195974 0.02296661910658786 0.04054567998773474
2 0.23644896050569794 0.4173996815152757 0.009666098428423453 0.010985742551134523
2 0.23604870016661575 0.431873365725802 0.013009422249741043 0.019033621647126533
2 0.26514754115144107 0.6243474042027688 0.008321922249741043 0.018803908266296264
2 0.24320192059711115 0.5692514688775642 0.011446922249741042 0.01895705052018316
2 0.24278454363264043 0.5560552885772504 0.006541098428423453 0.010832600297247478
2 0.24100587386409883 0.5072179357970477 0.006541098428423453 0.010832600297247478
2 0.23830040488134543 0.46360545534811004 0.009884422249741042 0.018880479393239787
2 0.23942625723871033 0.479471500159264 0.008176373035529316 0.013540750371559421
2 0.24055210959607515 0.495337544970418 0.008176373035529316 0.013540750371559421
2 0.5405756883797915 0.36774251036830946 0.050586504962398846 0.13650766012409338
2 0.534680945204217 0.5809004051051516 0.04004711124870504 0.09394297020453779
2 0.5270974234925954 0.7702592326252627 0.014863020678164317 0.029636508563543742
2 0.4735999342459623 0.9996556664022748 0.00981164764263518 0.0006886671954505705
2 0.4650982295312326 0.9753974088974033 0.006541098428423453 0.010832600297247776
2 0.4630091906561031 0.9660720258911986 0.006468323821317412 0.008201021349879056
2 0.46006612717386763 0.9593399362688907 0.006541098428423453 0.010832600297247478
1 0.4544347113342674 0.9366652307084852 0.026164393713693813 0.04333040118898991