2 0.3671875 0.938981075380405 0.046875 0.05459816058973538
2 0.6125 0.6886015788204382 0.0625 0.07981509131262993
2 0.7328125 0.8267996333067836 0.0359375 0.05089367750476209
2 0.76015625 0.7701700045417186 0.040625 0.056616651458472535
2 0.93359375 0.25052523141232874 0.0171875 0.028001781689920558
2 0.478125 0.5149408672478555 0.0828125 0.09233394335765566
2 0.3078125 0.6132264647589823 0.0625 0.07981509131262993
2 0.1515625 0.8982905088300305 0.0203125 0.028308325729236267
2 0.1359375 0.8958758606055564 0.01875 0.030786632656947022
2 0.0875 0.8058904511096867 0.015625 0.02784850967026267
2 0.10859375 0.7604002262127267 0.0171875 0.030633360637289057
2 0.0453125 0.8271340587983433 0.0109375 0.01949395676918381
2 0.06484375 0.8660076322368307 0.0078125 0.013924254835131334
2 0.05859375 0.8639891413680938 0.0078125 0.013924254835131334
2 0.0484375 0.8570906726537646 0.009375 0.01670910580215772
2 0.0375 0.8384267346861063 0.00625 0.01903414071021021