2 0.5712847329012505 0.8492036996167578 0.017623911094166545 0.03292719272111885
2 0.5991142196991321 0.43473364328459085 0.05981271751493047 0.1492718492007019
2 0.5857992149494795 0.6571308923378768 0.04825696846486114 0.10367703278008543
2 0.5350725163362503 0.6570948085805035 0.0434603656913195 0.09541459265997158
2 0.44611846589940996 0.6014855196516935 0.038591027735416714 0.08188899464512091
2 0.50053124933441 0.41648555865693776 0.05795927678548622 0.12809664986241837
2 0.45285485590767377 0.24187846205724114 0.0580320119678472 0.1333598077571551
2 0.34729322729857637 0.057473200467369 0.03521145459715278 0.06322280649486965
2 0.31849673328250006 0.11961809725050788 0.03066942496187508 0.07338141900633481
2 0.27901992524621544 0.4253967263048843 0.014353440729444422 0.022155741412972937
2 0.27931021276527795 0.3899316943950787 0.027217116641249994 0.04945207296134667
2 0.284323714665139 0.3009482812218971 0.02093074905006951 0.04633022297663349