2 0.9330547682361114 0.571684182187686 0.012790940729444599 0.021665200594494956
2 0.8743330784565975 0.5030615768065674 0.022602351823611144 0.05370357472457685
2 0.9369785488213196 0.5166507376737796 0.012754573138263937 0.019033621647126683
1 0.956473431230139 0.5149762978132045 0.022311411094166546 0.032650943145629475
1 0.9683194677992711 0.52476110758107 0.014426175911805571 0.02700492961617532
2 0.6448144582999658 0.9559730208486307 0.01609777868534721 0.034976237585224106
2 0.6693962310013893 0.9269350009849894 0.028670513867708358 0.040851964495508535
2 0.7040251509292712 0.8904999566043752 0.03499324905006951 0.04642140689801947
2 0.6976465579393754 0.7679018221709133 0.04295121941479163 0.05733057832221017
2 0.6033328602760768 0.7225180808700948 0.05708645459715278 0.06328287635943843
2 0.31116093123013916 0.4833524223855542 0.05545121941479163 0.05794314733775806
2 0.4807103650257294 0.49297617913260416 0.07736258700597229 0.0616467220623349
2 0.4526431824644101 0.778248576293421 0.049092116641249996 0.049742125987879
2 0.4003169630496185 0.72045857120955 0.05545121941479181 0.05794314733775776
2 0.23952428020395863 0.6665573991188976 0.04287848423243066 0.052067420427473476
2 0.14815374458475725 0.6081689053351241 0.02387391109416668 0.032727514272573
2 0.13212935429215308 0.6349964874495861 0.025472778685347253 0.03543566434688494
2 0.12538904502159753 0.655704548957288 0.015879573138263936 0.01918676390101358
2 0.11194414086128504 0.6432115891151107 0.014353440729444467 0.02174177172143848
2 0.10324128808774335 0.6348957110748163 0.009665940729444423 0.02151205834060821
2 0.08848780385531278 0.5842065709323252 0.015915940729444467 0.021818342848382
2 0.09564568721406277 0.537221005514411 0.016025043502986103 0.029713079690487264
2 0.07208090064493082 0.5268619122944695 0.015988675911805573 0.027081500743118842
2 0.04659059137437527 0.5466511202788498 0.00959320554708334 0.016248900445871364
2 0.050878701081771116 0.5744741270435768 0.006395470364722234 0.010832600297247478
2 0.04611846589941 0.5689812557680095 0.004832970364722233 0.010756029170303954
2 0.04124912794350723 0.555593647650337 0.006395470364722234 0.010832600297247478
2 0.03854170203170165 0.5291630014862377 0.00959320554708334 0.016248900445871364
2 0.04108482057281274 0.48721088058222983 0.00803070554708334 0.01617232931892784
2 0.05914448955076414 0.4946703959105007 0.011155705547083339 0.016325471572814738