2 0.2641404846037756 0.7723394771049539 0.020603401336727067 0.042702410115965136
2 0.26006205927754805 0.684319385512282 0.023764764003817974 0.0480574367734825
2 0.2602984166136388 0.6501088591964924 0.014207950668363533 0.021466041011457774
2 0.3212722792807297 0.6430542604275438 0.03163180800445433 0.056181845522537875
2 0.5734069439449571 0.6658990157277881 0.0556692920114541 0.14371296650654639
2 0.5616347446292289 0.4478684053380246 0.04600339067472703 0.10133209706031128
2 0.480875640634956 0.37920436159135956 0.03168635200509069 0.06407658236464314
2 0.5473369819780464 0.2562224859940303 0.015843176002545433 0.03203829118232157
2 0.4685398199793191 0.2427526985700171 0.020603401336727244 0.04270241011596529
2 0.4553858393141372 0.22472208818025355 0.02374658267027243 0.04542585782611386
2 0.5122358233211368 0.136226345187054 0.018968176002545432 0.032130159945101607
2 0.4940488973185916 0.16833353794146058 0.015843176002545433 0.032038291182321495
2 0.5000085433243185 0.09712013602764806 0.012645450668363622 0.021420106630067735
2 0.488307974657864 0.09483306494070498 0.011064769334818082 0.018742593301309278
2 0.47083866398790963 0.13612781682020603 0.014226132001908986 0.024097619958826193
2 0.475807974657864 0.09520053999182534 0.011064769334818082 0.018742593301309278
2 0.4727647906588185 0.08345030349144755 0.00948408800127254 0.016065079972550803
2 0.47439092532622756 0.07419384279426804 0.007903406667727353 0.013387566643792325
2 0.47840626332750025 0.058289533156582404 0.007903406667727176 0.013387566643792325
2 0.4862369446610457 0.055428282302263744 0.007903406667727176 0.013387566643792325
2 0.4948852386616821 0.04728090636251323 0.009465906667727352 0.013433501025182381
2 0.5119818319939549 0.05993352290406482 0.009484088001272716 0.016065079972550803
2 0.49575739532940927 0.0341000444349761 0.0031613626670909055 0.005355026657516934
2 0.49501250799650015 0.028859853730934276 0.0031613626670909055 0.005355026657516934
2 0.4981647799968183 0.024820616547101555 0.007885225334181812 0.010755987696423915
2 0.4840295546626366 0.03576034176908566 0.006322725334181811 0.010710053315033868