2 0.0578125 0.13815789473684212 0.03203125 0.02894736842105263
2 0.11015625 0.14342105263157895 0.03359375 0.035526315789473684
2 0.1875 0.11578947368421053 0.03984375 0.035526315789473684
2 0.33984375 0.014473684210526316 0.015625 0.015789473684210527
2 0.39921875 0.08289473684210526 0.021875 0.025
2 0.3671875 0.3473684210526316 0.0546875 0.056578947368421055
2 0.38671875 0.575 0.0734375 0.06315789473684211
2 0.50859375 0.5986842105263158 0.05 0.05131578947368421
2 0.54765625 0.175 0.0109375 0.017105263157894738
2 0.54375 0.13421052631578947 0.0078125 0.011842105263157895
2 0.5375 0.13026315789473683 0.0046875 0.007894736842105263
2 0.4484375 0.09210526315789473 0.02109375 0.031578947368421054
2 0.46015625 0.09868421052631579 0.0046875 0.013157894736842105
2 0.46796875 0.1 0.00859375 0.021052631578947368
2 0.4859375 0.10921052631578948 0.00859375 0.013157894736842105
2 0.49453125 0.11315789473684211 0.00625 0.011842105263157895
2 0.50234375 0.11710526315789474 0.00703125 0.011842105263157895
2 0.509375 0.11973684210526316 0.00546875 0.009210526315789473
2 0.615625 0.6171052631578947 0.015625 0.021052631578947368
2 0.75625 0.5723684210526315 0.00703125 0.013157894736842105
2 0.73984375 0.5526315789473685 0.00625 0.009210526315789473
2 0.73515625 0.5473684210526316 0.0046875 0.009210526315789473
2 0.73125 0.5434210526315789 0.00546875 0.010526315789473684
1 0.71875 0.5289473684210526 0.0203125 0.034210526315789476