2 0.4933635550937073 0.05625266660619404 0.011210284639735946 0.01654007406039703
2 0.48263900376092367 0.08845041738469755 0.0064318564264908675 0.010955230290151675
2 0.47935487938774435 0.097446486450148 0.0063863923198681505 0.008323651342783253
2 0.47609348706787624 0.10512676604191429 0.008039820533113407 0.013694037862689612
1 0.4678490780549608 0.12959062291606677 0.025727425705962936 0.04382092116060678
2 0.5325969220115463 0.7281586495557818 0.055580061757624935 0.1457510364136576
2 0.5372426210744742 0.5045280533420508 0.04226170783841639 0.09752478635967021
2 0.5375046970178639 0.3082609645127644 0.017733069279472248 0.03275846224528562
2 0.37663041534762864 0.882123928499697 0.045568564264907255 0.10826555939948285
2 0.2139007463055833 0.748442887491683 0.01943196159934022 0.04076042771256036
2 0.21698629387744311 0.6603922213800104 0.025772889812585565 0.04645250010797512
2 0.21891250673042456 0.6394468184262325 0.009556856426490689 0.011169687540490707
2 0.2191625593168493 0.6249731342157062 0.014380748746358751 0.019386110258104557
2 0.25662911856719167 0.44838479554838256 0.011346676959604096 0.024434810902502293
2 0.23159201464798337 0.4940911729108869 0.00643185642649069 0.0109552302901516
2 0.23257785312778542 0.48230268196031373 0.00969324874635875 0.01906442438259582
2 0.22209734270294418 0.590923450837671 0.00969324874635884 0.01906442438259597
2 0.22393262734268027 0.5752412057786299 0.008039820533113407 0.01369403786268965
2 0.22654916198241634 0.5596125750321737 0.00969324874635875 0.01906442438259582
2 0.22677648251552976 0.5464546802953316 0.00643185642649069 0.0109552302901516