2 0.8551304159937636 0.904185938462893 0.048873876623205345 0.044478968093142154
2 0.9399145190780189 0.8688470951073136 0.037909103084255234 0.04131139125716937
2 0.9851997455390684 0.8736992367360423 0.012909103084255236 0.040086253226073905
2 0.7011441197266419 0.6781077731369677 0.06164661201270878 0.07140732658237395
2 0.6219629545469524 0.39908778897243585 0.08522047970746058 0.085713788223368
2 0.48617545901117937 0.37795241671782825 0.05531479139585791 0.0632063052324949
2 0.3675345531669806 0.36160669528065137 0.015897735389503433 0.027081500743118842
2 0.4421491749222174 0.8549855069652943 0.012663641233702094 0.01640204269975811
2 0.6193877849063314 0.9492409312263228 0.02686250892845372 0.030249077579091326
2 0.5647821055231823 0.9386662049411962 0.026971603084255235 0.04077539336856501
2 0.5429616526010831 0.932331051269251 0.009593188311602673 0.02151205834060821
2 0.5523366526010831 0.9327904780309119 0.004851141233702094 0.016019187065041095
2 0.4658906379905865 0.9022249910118654 0.006359094155801515 0.010832600297247478
2 0.45810541152953677 0.8992105564297797 0.009538641233702095 0.016248900445871364
2 0.4970588173737355 0.91165115039284 0.006359094155801337 0.010832600297247478
2 0.505625293834785 0.9147038705383974 0.007976141233702095 0.01617232931892784
2 0.5141644967568844 0.9203881696313232 0.007921594155801338 0.010909171424191
2 0.5235122232179341 0.9234791753403525 0.009538641233702095 0.016248900445871364
1 0.2546566777615912 0.46797396496735166 0.02384660308425506 0.040622251114678265
2 0.23149191315109457 0.4405096085895155 0.006359094155801337 0.010832600297247478
2 0.2361248660731939 0.44600247986508273 0.006359094155801337 0.010832600297247478
2 0.23997656899529324 0.45145706557717824 0.0063863676947516265 0.013464179244615898
2 0.2121652146932221 0.41981562739745903 0.0064136412337020944 0.01609575819198432