1 0.9444728305695286 0.6525228942700342 0.04234400889724839 0.07145069361864431
2 0.934605740645641 0.5998071098911913 0.019641337946721647 0.03702582620455635
2 0.9362173201894054 0.5695669171141293 0.017824169961943782 0.026484200336632943
2 0.813488132927256 0.40392966694141197 0.03533000494291585 0.03981050593642378
2 0.7493235207602467 0.17309238110480446 0.038773339923887915 0.052999020830165625
2 0.7183945143344561 0.12148570014057249 0.03389483893530461 0.045058353752710674
2 0.6799752959691177 0.37368094185211925 0.05283583992388792 0.05313681153621461
2 0.5656554693911027 0.4264953644678806 0.08009867688202607 0.08234445129091521
2 0.39456703657757747 0.2959021626134656 0.06265650889724857 0.07164972463849278
2 0.4866192268054764 0.4849174217435011 0.0847225098858317 0.07975880257889639
2 0.31406113589300544 0.4227146523637653 0.06272017589344295 0.07428130358586121
2 0.13923093775644108 0.16974537441749377 0.017824169961943914 0.026484200336632943
2 0.12610885524692703 0.17619418611909085 0.014635502965749536 0.023822001232364703
2 0.11367252224312141 0.17870328443886022 0.014635502965749492 0.02382200123236478
2 0.056097444182231684 0.22023441965488436 0.008194501977166358 0.015866024076459956
2 0.05150544467652328 0.22413585784058732 0.008130834980971956 0.013234445129091535
2 0.04528727817462047 0.22539040700047203 0.008130834980971956 0.013234445129091535