2 0.43344004881102444 0.875503207164679 0.04269842068857255 0.10159251767695902
2 0.24954619844820472 0.853832568067895 0.008358137023308565 0.026622042873099428
2 0.27769599109914334 0.7431848510624566 0.019568455534962847 0.0402086923691229
2 0.2768304063454202 0.6261408385844448 0.012881945916315907 0.018911058070643236
2 0.2778844748570745 0.6393293586612284 0.009593254809323427 0.010893819868771977
2 0.2767039207733905 0.6576891606129244 0.022748019237293703 0.04296277267625747
2 0.2826141256753812 0.49095140153432787 0.011319445916315996 0.018849807390760313
2 0.27851939191745 0.5946537672358483 0.00813988221398514 0.016095727083625746
2 0.2790005415546303 0.5802107083652636 0.00813988221398514 0.016095727083625746
2 0.28023565934064515 0.564482485360936 0.009647818511654282 0.013525398816140398
2 0.2807713726801563 0.5526710054377197 0.008085318511654283 0.013464148136257324
2 0.30350697903342577 0.44444049000005886 0.009756945916315906 0.01878855671087724
2 0.5735342807548571 0.7048224802402347 0.04965774881887377 0.1360480467122808
2 0.5668799982707194 0.49683586737830493 0.03935516587924912 0.09094370052771948
2 0.5591542891075596 0.3124722143628078 0.01622520072563951 0.02955987521988307
2 0.5059151833024442 0.0789944959180124 0.009647818511654194 0.01352539881614036
2 0.4979761977304145 0.11023656454707673 0.006468254809323426 0.010771318509005867
2 0.4950148888374072 0.11800880002941591 0.004851191106992658 0.008078488881754409
2 0.49358879809323425 0.1245264967179539 0.008085318511654194 0.013464148136257324
1 0.4870213395630465 0.1466192897111118 0.022748019237293703 0.04296277267625732
2 0.28216025788936633 0.5067102498785969 0.008085318511654283 0.013464148136257324