2 0.81796875 0.8057079199869238 0.03125 0.0810919409244428
2 0.62109375 0.619218726758281 0.0484375 0.11911356106446497
2 0.4765625 0.6633479009022494 0.0609375 0.156813495328979
2 0.79375 0.5165804899928407 0.0234375 0.05160842937754248
2 0.775 0.43365670717908517 0.0265625 0.04919130768051302
2 0.76796875 0.39729713072919004 0.0140625 0.024649268152841398
2 0.6125 0.298755852617766 0.0328125 0.05751495902329635
2 0.4 0.26070736669344974 0.0203125 0.046130814232466684
2 0.4328125 0.45319240767015334 0.0484375 0.11121882422235971
2 0.53203125 0.35427812681399523 0.0375 0.07625769753038387
2 0.5515625 0.32004303215727126 0.0375 0.08152085542512065
2 0.56640625 0.2584980444286873 0.0359375 0.057729416273635384
2 0.515625 0.19487771158880135 0.0296875 0.05993208072032581
2 0.45703125 0.12258299555897345 0.01875 0.03549726981782348
2 0.4359375 0.0832411083145512 0.0125 0.02454203952767179
2 0.4359375 0.06876742410402488 0.0109375 0.021803231955133888
2 0.42890625 0.0389867950225508 0.0109375 0.01917165300776545
2 0.42421875 0.028782165108585618 0.0078125 0.013694037862689612
2 0.39765625 0.02271031489436188 0.0109375 0.016540074060397036
2 0.415625 0.01884560675754419 0.0109375 0.01917165300776546