2 0.03046875 0.2013157894736842 0.028125 0.039473684210526314
2 0.0875 0.17763157894736842 0.0375 0.03684210526315789
2 0.109375 0.1394736842105263 0.0359375 0.031578947368421054
2 0.1875 0.11710526315789474 0.04296875 0.04078947368421053
2 0.24296875 0.09473684210526316 0.0359375 0.038157894736842106
2 0.215625 0.2236842105263158 0.0515625 0.04868421052631579
2 0.4 0.08289473684210526 0.021875 0.02631578947368421
2 0.44765625 0.09473684210526316 0.02265625 0.034210526315789476
2 0.46796875 0.1013157894736842 0.01015625 0.021052631578947368
2 0.32421875 0.31973684210526315 0.0609375 0.05789473684210526
2 0.3875 0.35657894736842105 0.0515625 0.05526315789473684
2 0.47578125 0.40921052631578947 0.04765625 0.05131578947368421
2 0.5375 0.4421052631578947 0.03828125 0.046052631578947366
2 0.3875 0.5776315789473684 0.075 0.06710526315789474
2 0.509375 0.6 0.0546875 0.05394736842105263
2 0.6140625 0.4855263157894737 0.028125 0.03684210526315789
2 0.659375 0.4776315789473684 0.01796875 0.02631578947368421
2 0.678125 0.4986842105263158 0.01484375 0.02236842105263158
2 0.71015625 0.5368421052631579 0.0109375 0.017105263157894738
1 0.7359375 0.5842105263157895 0.021875 0.02763157894736842
2 0.72421875 0.6013157894736842 0.0109375 0.015789473684210527
2 0.74375 0.6052631578947368 0.0078125 0.011842105263157895
2 0.72265625 0.5552631578947368 0.00859375 0.014473684210526316
2 0.73125 0.5565789473684211 0.00859375 0.014473684210526316
2 0.7265625 0.5368421052631579 0.009375 0.015789473684210527
2 0.7328125 0.5421052631578948 0.00625 0.010526315789473684
2 0.73984375 0.5526315789473685 0.00703125 0.010526315789473684
2 0.7421875 0.5657894736842105 0.00625 0.013157894736842105
2 0.6171875 0.6197368421052631 0.01875 0.03289473684210526