2 0.6776369181841154 0.19233098005377636 0.051909492478152686 0.11346701216772609
2 0.4939582516493527 0.26696752956753395 0.06031302586424747 0.14813702229261758
2 0.4507885763391012 0.47868431092344865 0.04708560015828454 0.10529658504015973
2 0.4165165279093115 0.6633208939029172 0.017733069279472248 0.032589811748445344
1 0.451403656439126 0.8756851449287988 0.027380853919208192 0.04893066600357806
2 0.43998042313217345 0.8921011823730405 0.008039820533113407 0.013617378545943906
2 0.4361423692921075 0.8958188088895422 0.00799435642649069 0.010985799598575484
2 0.43159126161197553 0.9034378554461862 0.008039820533113407 0.013617378545943906
2 0.415616920624891 0.9274729394470721 0.011210284639736123 0.016432751016953406
2 0.8066377595669115 0.4312616683678285 0.021130853919208194 0.04856307895629665
2 0.7885840930321486 0.5156392746345474 0.027380853919208192 0.04893066600357806
2 0.7805359123116208 0.5467127898129563 0.014426212852981379 0.021879702435330876
2 0.7826523417785074 0.5336927402188448 0.009556856426490868 0.011077696360396024
2 0.7708797674844703 0.5750628292821764 0.00969324874635884 0.018972433202501287
2 0.7672463021242063 0.590622561061836 0.008085284639735946 0.016248957493312476
2 0.7620048726573196 0.6034588171323066 0.009647784639735946 0.016340854255132865
2 0.7590844611371218 0.6151171288718238 0.008039820533113407 0.013617378545944055
2 0.7413574035361321 0.6732248940457686 0.011255748746358662 0.019064329964321527
2 0.7450590650563301 0.6616125306871616 0.008039820533113407 0.013617378545944055
2 0.7077780254020289 0.7172557968646673 0.008130748746358663 0.01888053644068075