1 0.16484375 0.3868421052631579 0.03828125 0.060526315789473685
2 0.159375 0.4486842105263158 0.01484375 0.025
2 0.15234375 0.4763157894736842 0.015625 0.02236842105263158
2 0.54296875 0.49605263157894736 0.06953125 0.05131578947368421
2 0.5703125 0.35526315789473684 0.0625 0.05263157894736842
2 0.6609375 0.2789473684210526 0.04765625 0.04736842105263158
2 0.58984375 0.2131578947368421 0.04765625 0.04342105263157895
2 0.41640625 0.025 0.01953125 0.018421052631578946
2 0.334375 0.15 0.0296875 0.035526315789473684
2 0.36640625 0.1118421052631579 0.02578125 0.035526315789473684
2 0.7859375 0.38421052631578945 0.0265625 0.03289473684210526
2 0.87421875 0.36578947368421055 0.01796875 0.02631578947368421
1 0.86484375 0.3105263157894737 0.05078125 0.06973684210526315
2 0.89765625 0.3684210526315789 0.01796875 0.025
2 0.89453125 0.33026315789473687 0.01015625 0.018421052631578946
2 0.95 0.4118421052631579 0.00625 0.014473684210526316
2 0.94375 0.4118421052631579 0.00703125 0.013157894736842105