2 0.8221006230586745 0.934616318927162 0.04941964664195524 0.049742125987879
2 0.9082117378494644 0.8927368137666334 0.0399355192372937 0.04401954133148132
2 0.9653793971052916 0.8889527125316489 0.035302582939624474 0.04642140689801947
2 0.6592236555428121 0.7185284715021061 0.06715278366526398 0.07690019785794136
2 0.572710780585221 0.4403265644861261 0.09086310217691818 0.09120665949893526
2 0.43216762613871734 0.42948779464016185 0.06079365626060227 0.07133075545543043
2 0.3094840942875519 0.42479275064878413 0.01935020072563942 0.02986622194437431
2 0.3969369319516819 0.9216837092406454 0.014444445916316084 0.019110192774070056
2 0.5806472438399142 0.9920269508127394 0.02721726442797028 0.01594609837452122
2 0.5243972438399143 0.9880170915803888 0.027435519237293704 0.023965816839222498
2 0.5018228393934105 0.9902658148930399 0.01299107332097762 0.01946837021392029
2 0.5120063712445759 0.9918619424084596 0.006577382213985139 0.01609575819198432
2 0.42254456716089195 0.9690380499776315 0.006468254809323426 0.010832600297247478
2 0.41403266271438816 0.9646695403583898 0.011319445916316085 0.01895705052018301
2 0.4544939716073956 0.9745551265010252 0.006468254809323426 0.010832600297247478
2 0.4630331579050647 0.9776078466465827 0.00970238221398514 0.016248900445871364
2 0.47151778050040305 0.9832921457395086 0.008085318511654194 0.013540750371559421
2 0.4816467486492376 0.9851056475383253 0.011319445916316085 0.01895705052018331
1 0.19600938212916713 0.5417246216884299 0.025873019237293703 0.04333040118899021
2 0.17071920545014482 0.5167769875675469 0.006468254809323426 0.010832600297247478
2 0.17688735989664855 0.5210306404963735 0.006468254809323426 0.010832600297247478
2 0.18068448249198682 0.5264852262084689 0.008085318511654283 0.013540750371559421
2 0.1515699013664608 0.4973987958491747 0.00970238221398514 0.016248900445871364