2 0.08152845608241084 0.9768629777073826 0.03995383794672147 0.03913952430866749
2 0.14614937159573044 0.9638387357760468 0.03689250494291585 0.04158730973239543
2 0.23243704007479962 0.9732580980864518 0.046012836958138334 0.031612374513843786
2 0.34886851190017915 0.7410901506644615 0.061030341901054184 0.07191312958075376
2 0.42455030832640733 0.4414827801827177 0.08309634288963733 0.08109442108834448
2 0.5572208868815887 0.3954677123102324 0.05608817391627667 0.06111112350581876
2 0.673676216425353 0.3583122972789663 0.01619800296574958 0.024603178144519688
2 0.8315988043720747 0.3859187779791752 0.008130834980971714 0.013617378545944055
2 0.8141712238397268 0.40934401179274127 0.006504667984777513 0.010893902836755244
2 0.8088616413302129 0.41624459782753365 0.006504667984777513 0.010893902836755244
2 0.8050827253226018 0.4217374976268215 0.006504667984777513 0.010893902836755244
1 0.7922153107978651 0.43962388326018953 0.02439250494291585 0.04085213563783217
2 0.65348702771751 0.8496698651068108 0.012754667984777512 0.011261489884036803
2 0.6250410341433005 0.9027316930550822 0.009693334980972069 0.013709275307764444
2 0.617292201139495 0.9058227558115526 0.006441000988583134 0.008262323889386823
2 0.5199688735728968 0.9576648833851843 0.02719916996194378 0.027878034424630688
2 0.5332182900747997 0.9555679714360269 0.005069501977166269 0.016065163969671847
2 0.5417483730786052 0.9524309602986464 0.009884335969555024 0.02160401214986971
2 0.5864242031166613 0.9234501647321709 0.006504667984777513 0.010893902836755244
2 0.5787390371090501 0.9291728064360099 0.00813083498097189 0.013617378545943906
2 0.5710538711014388 0.9348954481398485 0.006504667984777513 0.010893902836755244
2 0.5617743715957305 0.9393941971318234 0.009629667984777513 0.011077696360396024
2 0.4670985415576744 0.9713156890765513 0.023564833992388755 0.00664160932204284