2 0.574192180564549 0.7964031564686979 0.05963087955902786 0.13668181008808555
2 0.6020437704203129 0.7175359356351814 0.045168336056041626 0.10649320478927693
2 0.584727677430417 0.5965466666689456 0.04822060087368065 0.10150587731181897
2 0.6056395894745142 0.5815269166154691 0.04193423328249999 0.09832263752989233
2 0.43714416261277816 0.6148428117801229 0.06290134992375015 0.14748395629483843
2 0.45147680670510437 0.4067467971166665 0.04513196846486114 0.10386162584190821
2 0.5220607572181947 0.3069816448876667 0.03364895459715278 0.06342253517090492
2 0.5228049864166321 0.24763320336323766 0.02881598423243048 0.05248247375551246
2 0.5381020248856251 0.16592193577778525 0.020821646276527873 0.03863500297547248
2 0.7316403514423614 0.699510025949675 0.020894381458888844 0.0438981608702091
2 0.737526022320174 0.6159946706686916 0.02405574905006951 0.046805570234857
2 0.7370532436348267 0.5817841443529022 0.0143534407294446 0.022293868456703673
2 0.7356725815907295 0.5950799542983839 0.0110829703647223 0.01149172224995081
2 0.7373798987450698 0.548820449906477 0.011155705547083273 0.01675488014468765
2 0.737979310789167 0.5355935975653152 0.011155705547083273 0.01675488014468765
2 0.7369980390376739 0.5211888709591087 0.009593205547083272 0.016616964936048063
2 0.7368343848773614 0.5093467656959508 0.006431837955902786 0.013709555571400463
1 0.7245876515948614 0.4155753300511647 0.02896145459715278 0.06300878954498615
2 0.4676992591180557 0.22219707777088624 0.019186411094166543 0.03323392987209605
2 0.5427700346692708 0.05089659073270059 0.008030705547083272 0.016479049727408435
2 0.5402989981001389 0.041892937229870496 0.0079579703647223 0.011215891832671594
2 0.5378825129177779 0.03683665214809303 0.0079579703647223 0.011215891832671594
2 0.5361927263486459 0.027764041040943134 0.007994337955902786 0.013847470780040014
2 0.5132819032103819 0.011342758934638129 0.007994337955902786 0.013847470780040014
2 0.50456086664125 0.004907250828193179 0.007994337955902786 0.009814501656386358
2 0.529488131458889 0.0011723502117081035 0.007994337955902786 0.002344700423416207