2 0.05625 0.13815789473684212 0.0375 0.031578947368421054
2 0.11015625 0.14342105263157895 0.03125 0.031578947368421054
2 0.1875 0.11578947368421053 0.040625 0.03289473684210526
2 0.33984375 0.014473684210526316 0.015625 0.017105263157894738
2 0.4 0.08289473684210526 0.02109375 0.025
2 0.4671875 0.09868421052631579 0.009375 0.019736842105263157
2 0.459375 0.09605263157894736 0.00390625 0.007894736842105263
2 0.4484375 0.09210526315789473 0.0203125 0.030263157894736843
2 0.54453125 0.13289473684210526 0.009375 0.013157894736842105
2 0.53671875 0.13026315789473683 0.00546875 0.009210526315789473
2 0.509375 0.11973684210526316 0.00546875 0.007894736842105263
2 0.50078125 0.11842105263157894 0.00703125 0.009210526315789473
2 0.49375 0.1118421052631579 0.00625 0.009210526315789473
2 0.48515625 0.10921052631578948 0.0078125 0.010526315789473684
2 0.56328125 0.1736842105263158 0.01015625 0.011842105263157895
2 0.3109375 0.31973684210526315 0.0546875 0.05394736842105263
2 0.3875 0.5763157894736842 0.0734375 0.06578947368421052
2 0.50859375 0.6 0.0484375 0.04868421052631579
2 0.615625 0.618421052631579 0.01484375 0.021052631578947368
2 0.75625 0.5710526315789474 0.00625 0.013157894736842105
2 0.73984375 0.5526315789473685 0.00625 0.010526315789473684
2 0.73125 0.5421052631578948 0.00625 0.010526315789473684
2 0.734375 0.5473684210526316 0.0046875 0.010526315789473684
1 0.71875 0.5289473684210526 0.0203125 0.034210526315789476