2 0.4247404038853838 0.3221814215657779 0.06277271077238851 0.08201021349879116
2 0.4726153433841417 0.03500487116355543 0.026644313231716586 0.024985919684354662
2 0.5256585301524253 0.06129250000594897 0.02827953610435365 0.04611512239024549
2 0.5451397831774873 0.07672332330326856 0.01101931323171641 0.024220208414920022
2 0.5373409187161067 0.07239309924749862 0.004742042154477666 0.016019187065040907
2 0.5879903585094522 0.11303955561000327 0.007857951795397966 0.013540750371559421
2 0.5801960392276115 0.1073935420805491 0.007867042154477843 0.01617232931892784
2 0.5724108103048503 0.09911594960372655 0.007867042154477666 0.01617232931892784
2 0.5638443313820891 0.09080007156343223 0.011001132513557365 0.018957050520183198
2 0.624618204918656 0.14115476656685888 0.011001132513557365 0.01895705052018316
2 0.6160471808163551 0.13415467800024877 0.007857951795397966 0.013540750371559421
2 0.620548328455223 0.1883317598021318 0.01414431323171641 0.024373350668806974
2 0.4028148860295987 0.5619371850362517 0.08626475292686635 0.09894825408715363
2 0.5314893318730685 0.6353595661669821 0.05959316861791084 0.0660675975606936
2 0.646937069871016 0.6923416190344825 0.02353749394987581 0.03009593532520458
2 0.8032052505891751 0.694735573834092 0.009429542154477843 0.016248900445871364
2 0.7868853590004316 0.6689315770011857 0.009420451795397966 0.013617321498502944
2 0.7798995607958297 0.655429112193098 0.007867042154477843 0.01617232931892784
2 0.7830063800776704 0.6608454123417217 0.004723861436318444 0.010756029170304104
1 0.7674677384889268 0.6350797010722871 0.028279536104353475 0.046115122390245525