2 0.3677326921678843 0.46926774464803434 0.08166117688202616 0.08314062822874552
2 0.4902271160841609 0.4137461502897555 0.05777800790866543 0.06426025769707122
2 0.5984043720156599 0.36847528098089316 0.017760502965749582 0.02402104365305245
2 0.3014179895826956 0.7549462445642837 0.061094008897248565 0.07221623692585576
2 0.056593626427103194 0.9874392185332819 0.03969916996194391 0.02512156293343627
2 0.11547387790997796 0.9775023607155974 0.03701983893530465 0.04499527856880532
2 0.19506587741568637 0.9808765036014536 0.04476867193911023 0.038246992797092774
2 0.4150427963890471 0.9691155605212586 0.024201503954332716 0.03203826526851655
2 0.4648345493547966 0.9463959175851432 0.02582767095052709 0.034700465409224536
2 0.4831216343357686 0.9335901665717076 0.011446835969555202 0.021266979932325188
2 0.4752454673395741 0.9360686395523774 0.005069501977166269 0.015881337264229505
2 0.5586773912558508 0.8797815153606064 0.008194501977166268 0.015942579650909224
2 0.552300057263462 0.8849221884819845 0.00813083498097189 0.013311000703540505
2 0.5006593028148376 0.9194533154879179 0.011319501977166269 0.016003822037588347
2 0.5101616368072266 0.9143738847532191 0.008130834980972067 0.013311000703540805
2 0.5173838877958097 0.9066169432811427 0.008194501977166268 0.015942579650908926
2 0.5237293882901013 0.9027920596334489 0.00813083498097189 0.013311000703540805
2 0.5817620641835443 0.8302102120673621 0.01125583498097189 0.013372243090219926
2 0.7442752875289795 0.38054888887394417 0.00813083498097189 0.013311000703540505
2 0.7288585345632301 0.40394219806353293 0.008130834980972067 0.013311000703540505
2 0.724011867072744 0.41042928185193484 0.006504667984777513 0.010648800562832524
2 0.7215089495822581 0.4169622974303464 0.00813083498097189 0.013311000703540505
1 0.7101576141069945 0.4338532122348632 0.02595500494291585 0.039963623303961374