2 0.5010968005337495 0.9997280966196337 0.0110829703647223 0.0005438067607327101
2 0.5100905940367356 0.9760475734530087 0.007994337955902786 0.013311000703540805
2 0.5125798144014578 0.9655671894535447 0.0063954703647222996 0.010648800562832524
2 0.5157957333794092 0.959049484471803 0.011155705547083273 0.016003822037588347
1 0.5216281592912149 0.9328408691748078 0.025581881458888844 0.042595202251329796
2 0.4450494351267705 0.7628734462795741 0.019186411094166723 0.03194640168849757
2 0.43604007066972195 0.5665911557505791 0.04513196846486114 0.10085739341351158
2 0.4297744997156595 0.3414074285905409 0.056724085106111134 0.148440162819521
2 0.5807940986894791 0.15747433669465416 0.04996493882958344 0.11147557278300428
2 0.7211235854873609 0.5774426814298105 0.0112284407294446 0.021266979932325188
2 0.7427628493550692 0.5383823833293702 0.011192073138263935 0.01863540098495677
2 0.7437441211065623 0.5239240097155137 0.007994337955902786 0.013311000703540505
2 0.7467970391345831 0.4726541520318389 0.007994337955902786 0.013311000703540505
2 0.7462158108860761 0.4581651572246428 0.008030705547083272 0.015942579650908926
2 0.7487595826375693 0.443737404804126 0.009629573138263936 0.018604779791617208
2 0.7489777881846525 0.42794793111991547 0.009629573138263936 0.018604779791617208
2 0.7510312506655901 0.3924522365237815 0.014317073138263936 0.01869664337163619
2 0.7496687724170832 0.3779479311199155 0.011119337955902786 0.013372243090219926
2 0.7523034631465275 0.3569412313309777 0.02405574905006951 0.04519616000535866
2 0.7504331450422568 0.26609051526008776 0.022529616641249993 0.04779711775938737