2 0.3890625 0.575 0.07265625 0.06315789473684211
2 0.3078125 0.31842105263157894 0.05390625 0.05789473684210526
2 0.61640625 0.618421052631579 0.01640625 0.02631578947368421
2 0.50859375 0.6013157894736842 0.04921875 0.05131578947368421
2 0.0546875 0.1394736842105263 0.0359375 0.031578947368421054
2 0.11015625 0.14342105263157895 0.0296875 0.030263157894736843
2 0.1875 0.11710526315789474 0.0390625 0.034210526315789476
2 0.340625 0.015789473684210527 0.0140625 0.015789473684210527
2 0.39921875 0.08289473684210526 0.02109375 0.02631578947368421
2 0.4484375 0.09342105263157895 0.02265625 0.03289473684210526
2 0.459375 0.09868421052631579 0.0046875 0.011842105263157895
2 0.4671875 0.1 0.009375 0.019736842105263157
2 0.56484375 0.1763157894736842 0.01015625 0.013157894736842105
2 0.54375 0.13289473684210526 0.00859375 0.014473684210526316
2 0.5359375 0.13026315789473683 0.00625 0.010526315789473684
2 0.4859375 0.10789473684210527 0.0078125 0.011842105263157895
2 0.49375 0.1118421052631579 0.00703125 0.010526315789473684
2 0.50234375 0.11710526315789474 0.0078125 0.011842105263157895
2 0.50859375 0.11973684210526316 0.00625 0.007894736842105263
1 0.71796875 0.5289473684210526 0.0203125 0.034210526315789476
2 0.73125 0.5421052631578948 0.0046875 0.011842105263157895
2 0.734375 0.5473684210526316 0.00390625 0.009210526315789473
2 0.7390625 0.5526315789473685 0.00546875 0.009210526315789473
2 0.75625 0.5723684210526315 0.00703125 0.014473684210526316