1 0.32501854053191015 0.3081402717567928 0.016452670950527094 0.034976237585224106
2 0.27010023026551755 0.4952605008964338 0.012945668973360736 0.019033621647126533
2 0.26383298421985024 0.5271840183361005 0.022893671939110228 0.043177258935103165
2 0.25255724459997364 0.6107296097572252 0.019705004942915848 0.04039253773384784
2 0.38513893433358104 0.7886613036636507 0.04974001482874764 0.12071818643988284
2 0.3712555064629717 0.6997619029052004 0.03660334486680368 0.09378982795065105
2 0.41317640961900165 0.5896848889452064 0.03966467787060921 0.09131139125716937
2 0.39850907315515494 0.5653740290876976 0.03803851087441492 0.08860324118285758
2 0.5524418394667773 0.6882480732323903 0.053247016805913996 0.13666080237798042
2 0.5795070637636147 0.48141520723531245 0.03966467787060921 0.09131139125716937
2 0.5317287969577007 0.34938695803741165 0.029462006920082117 0.05664143817971921
2 0.5436730400376186 0.2934729455636554 0.02458350593149916 0.048516987956783525
2 0.5447288626613009 0.20779348752029478 0.014826503954332538 0.03226808751091224
2 0.6008952910262018 0.2985728362723242 0.014762836958138337 0.029636508563543742
2 0.5639298488211365 0.09619517595361259 0.00975700197716627 0.01624890044587129
2 0.5669275148287476 0.09077887580498882 0.008130834980972067 0.013540750371559421
2 0.5706745973382616 0.08400850061920911 0.006504667984777513 0.010832600297247514
2 0.5744216798477757 0.07723812543342941 0.00813083498097189 0.013540750371559421
2 0.6001392628515813 0.07334312289149385 0.00813083498097189 0.013540750371559421
2 0.6015744288591925 0.06800339386981354 0.004814833992388756 0.005492871275567224
2 0.6079517628515813 0.07296026725677653 0.00813083498097189 0.013540750371559421
2 0.6092914283649009 0.0636731698140436 0.006504667984777513 0.010832600297247533