2 0.9840652518472084 0.7717238929946691 0.03186949630558331 0.040208592850679056
2 0.9318663947606435 0.7772157879995308 0.03349446159934004 0.040116729270659776
2 0.8576620166265403 0.8217986022981729 0.044522889812585474 0.04559423551877474
2 0.7195278676427549 0.6467814480216575 0.05904003087881229 0.0721856157325162
2 0.7139324001709199 0.9557776259840692 0.01750574874635884 0.018757885758315607
2 0.6481793680384662 0.9018752675131033 0.023983069279472247 0.03203826526851655
2 0.4994463513454188 0.8818609909879375 0.011210284639736123 0.016003822037588347
2 0.5065003333987301 0.8833145758316503 0.0064318564264908675 0.010648800562832524
2 0.5982021000917775 0.9022111787999174 0.025636497492717503 0.03733204435659326
2 0.5871964039318435 0.8980494620254869 0.006522784639735946 0.015911958457569365
2 0.5794066359851548 0.8992121455324725 0.011346676959604096 0.02389855887969361
2 0.5597844577719095 0.8935662227209895 0.009602320533113407 0.013341621896880365
2 0.5511679757185981 0.8920820166839369 0.008039820533113407 0.013311000703540505
2 0.5433327436652868 0.8906131212435543 0.009602320533113407 0.013341621896880066
2 0.5354747795586642 0.8878284363294874 0.00643185642649069 0.010648800562832524
2 0.45972462179938994 0.8429375664176031 0.009602320533113407 0.013341621896880066
2 0.6107031339400908 0.4052561438573717 0.07948892319868044 0.08047842808803754
2 0.4873338301000249 0.40678443800458824 0.05417067445232178 0.06156743636302338
2 0.3788310083132702 0.4099194229622162 0.019204641066226814 0.02668324379376058
2 0.2435216456185733 0.4888190159134138 0.008039820533113407 0.013311000703540505
2 0.2617404482049981 0.5036448438473465 0.00643185642649069 0.010648800562832524
2 0.2672773943649321 0.5076993864450882 0.004823892319867973 0.007986600422124393
2 0.27127457257817744 0.5130390973231743 0.008039820533113407 0.013311000703540505
1 0.28471494695135685 0.5225099037823512 0.024073997492717502 0.0373014231632534