2 0.1796864207376434 0.3050209538677875 0.011838258706427273 0.02916171677443045
2 0.22603912030810208 0.3980907846158827 0.019978307326946342 0.03984113853060254
2 0.29605396992398936 0.6351328494756714 0.01159259724103805 0.021266979932325188
2 0.27183521992398935 0.6346582209789061 0.008385710085908294 0.018574158598277348
2 0.2690787121220732 0.6227548733290688 0.008221935775648781 0.013311000703540505
2 0.2595742373368438 0.5764878933967434 0.008221935775648781 0.013311000703540505
2 0.2575580359573629 0.5659156458172603 0.008221935775648781 0.013311000703540505
2 0.2532799717330116 0.552665887500399 0.008221935775648781 0.013311000703540505
2 0.24978315750866037 0.5394314397802077 0.008385710085908294 0.018574158598277348
2 0.2436526662150876 0.5103462759891264 0.014635710085908294 0.01869664337163619
2 0.24171835199073638 0.49714244946227487 0.009620661465389268 0.008078464002143524
2 0.23682281207664468 0.47861422265400694 0.0231851944820761 0.04253395986465053
2 0.5471052148356066 0.5057604717075539 0.041928550429541286 0.09287079299138719
2 0.3784924129357273 0.297067740158771 0.0452173247398008 0.09819519327280345
2 0.5197758322030326 0.3037863265770662 0.05417624491161739 0.13519040450265973
2 0.5689215818643485 0.6839279215383669 0.01496325870642714 0.02922295916110987
1 0.5271291502725711 0.8713815288283961 0.0231851944820761 0.042533959864650375
2 0.5359309401866629 0.8899863086200133 0.008221935775648781 0.013311000703540505
2 0.5396734158764034 0.8953260194980993 0.006577548620519025 0.010648800562832524
2 0.543374947988579 0.9019815198498696 0.006577548620519025 0.010648800562832524
2 0.5566185764372815 0.9285729000636112 0.011428822930778538 0.016003822037588347