1 0.5140625 0.14473684210526316 0.04921875 0.046052631578947366
2 0.4671875 0.1 0.01015625 0.018421052631578946
2 0.44921875 0.09210526315789473 0.021875 0.030263157894736843
2 0.5703125 0.15921052631578947 0.009375 0.011842105263157895
2 0.4 0.08157894736842106 0.02109375 0.025
2 0.109375 0.14342105263157895 0.03359375 0.02894736842105263
2 0.1875 0.11578947368421053 0.04140625 0.034210526315789476
2 0.3234375 0.31842105263157894 0.0640625 0.06184210526315789
2 0.3625 0.28421052631578947 0.0484375 0.04736842105263158
2 0.42890625 0.34078947368421053 0.0484375 0.05263157894736842
2 0.44140625 0.3131578947368421 0.04765625 0.04736842105263158
2 0.3875 0.5763157894736842 0.07265625 0.06447368421052632
2 0.509375 0.6013157894736842 0.05 0.05131578947368421
2 0.6125 0.5263157894736842 0.025 0.034210526315789476
2 0.57890625 0.5105263157894737 0.028125 0.039473684210526314
2 0.6609375 0.5184210526315789 0.0171875 0.02368421052631579
2 0.615625 0.6171052631578947 0.0140625 0.019736842105263157
2 0.73984375 0.5526315789473685 0.00625 0.009210526315789473
2 0.7265625 0.5381578947368421 0.00859375 0.011842105263157895
2 0.73125 0.5421052631578948 0.00703125 0.010526315789473684
2 0.734375 0.5486842105263158 0.003125 0.006578947368421052
2 0.74296875 0.593421052631579 0.00390625 0.007894736842105263
2 0.7453125 0.6078947368421053 0.0046875 0.009210526315789473
2 0.746875 0.5947368421052631 0.0046875 0.009210526315789473
2 0.75 0.6092105263157894 0.0046875 0.007894736842105263