2 0.014466749367027817 0.44507603513525396 0.028933498734055634 0.06383628079682369
2 0.07996526379499809 0.18237846366221766 0.0399355192372937 0.045553143373884324
2 0.1634598100741338 0.15679323287801022 0.04780258293962456 0.04887429836445061
2 0.2249702289486078 0.13454034706758553 0.038318455534962846 0.042783649217876314
2 0.33055803003706685 0.10035961341485858 0.020858137023308566 0.028108687185998796
2 0.48218252822296837 0.1862437249141692 0.02236607332097762 0.025615023447269892
2 0.47359870190676573 0.1472583389254896 0.009811509618646852 0.021880122830784866
2 0.45261407931142744 0.1401333257141184 0.024255955534962938 0.041542412340120044
2 0.39892608412075087 0.12484893522657912 0.025654764427970277 0.03378559070665437
2 0.2987375672457099 0.42710033849767787 0.0719494110699257 0.08515355280983386
2 0.3773412276826634 0.5619035082943046 0.07027778366526398 0.07975247970645742
2 0.3852603658870983 0.6706946939925671 0.08121528366526398 0.0807178861669344
2 0.5191988562684514 0.7036080335145185 0.05750496515360979 0.0654912633004986
2 0.5794394410221745 0.5916056330762883 0.04166171034428636 0.05358579542462918
2 0.6369766333102935 0.7232311580825964 0.01606150961864685 0.022431783665343263
2 0.7600073947430388 0.6404985341205851 0.009647818511654194 0.013985385988679641
2 0.7645584854872117 0.647491227114925 0.006468254809323426 0.011077976624032041
2 0.7745510443802192 0.6562824128131874 0.008030754809323425 0.011215891832671632
2 0.7702628484639031 0.6743586774231676 0.008030754809323425 0.011215891832671332
2 0.7764210792266095 0.7170845590199403 0.008085318511654194 0.013847470780039752
2 0.7774751477382638 0.7039956218874179 0.006468254809323426 0.011077976624032041
2 0.7829166158870983 0.7057941145913408 0.006468254809323426 0.011077976624032041
2 0.7818352655242786 0.7201988411975473 0.006468254809323426 0.011077976624032041
2 0.7856869518219478 0.7231752081665147 0.006468254809323426 0.011077976624032041