2 0.2697525159261899 0.23665469074342874 0.020206084186749608 0.04247271747797111
2 0.2647395212584489 0.3590384223927302 0.014699536831702975 0.01869664337163619
2 0.2652400501976441 0.34456473818220396 0.008176521046687313 0.010679421756172085
2 0.26445109492185476 0.322226938322912 0.026638094710093263 0.04785836014606664
2 0.2660066186699653 0.43527765888306513 0.00826752630835923 0.013311000703540505
2 0.26572589760916043 0.42081928526920875 0.009921031570031148 0.015973200844248785
2 0.2653849923898409 0.4984049324265675 0.013137036831702975 0.01866602217829663
2 0.5751988791227218 0.2990433682870875 0.05794827886860787 0.14051480478407602
2 0.4779759976515128 0.49160887118500046 0.045008663111827295 0.08240571958859277
2 0.48178426613795133 0.6072452389025125 0.036741136803468064 0.06909471888505227
2 0.5127458398013574 0.5698213309659004 0.0504242052052021 0.10355021474755942
2 0.5614409450347942 0.516271116218341 0.04399219468185826 0.09816457207946375
2 0.4856681293344833 0.6755438067607327 0.02682010523343692 0.053121518040803783
2 0.512792071456093 0.7039399937016708 0.020206084186749608 0.04247271747797126
2 0.5454680635635852 0.7072443170625897 0.016808068401734034 0.03451673824918657
2 0.47744683468085974 0.8229734702000437 0.016626057878390377 0.029253580354449433
2 0.5081816242139858 0.9275629618413073 0.00826752630835923 0.013311000703540805
2 0.5086443557981344 0.9367581775604268 0.008267526308359408 0.013311000703540505
2 0.5011503742139858 0.9277007572113357 0.00826752630835923 0.013311000703540805
2 0.5007863531672985 0.9382270730008094 0.00826752630835923 0.013311000703540805
2 0.4750884031531809 0.9137476332875843 0.008267526308359408 0.013311000703540505
2 0.4696119478773917 0.8915016970083116 0.011574536831702887 0.01863540098495677
2 0.4716826820923761 0.8993505020604072 0.00826752630835923 0.013311000703540505