2 0.06484375 0.2986842105263158 0.02890625 0.04342105263157895
2 0.1109375 0.14210526315789473 0.0328125 0.03684210526315789
2 0.23515625 0.13026315789473683 0.040625 0.03684210526315789
2 0.18671875 0.11578947368421053 0.040625 0.035526315789473684
2 0.3078125 0.09473684210526316 0.03203125 0.030263157894736843
2 0.46796875 0.1 0.00859375 0.018421052631578946
2 0.4484375 0.09342105263157895 0.021875 0.031578947368421054
2 0.4 0.08157894736842106 0.0203125 0.025
2 0.32421875 0.31973684210526315 0.06328125 0.06184210526315789
2 0.49140625 0.46710526315789475 0.046875 0.05394736842105263
2 0.46796875 0.35 0.04140625 0.046052631578947366
2 0.3875 0.575 0.07265625 0.06315789473684211
2 0.50859375 0.6013157894736842 0.05 0.05131578947368421
2 0.596875 0.5473684210526316 0.0296875 0.038157894736842106
2 0.615625 0.618421052631579 0.0140625 0.021052631578947368
2 0.73125 0.5565789473684211 0.00703125 0.010526315789473684
2 0.7125 0.5486842105263158 0.01015625 0.015789473684210527
2 0.72734375 0.5381578947368421 0.0078125 0.011842105263157895
2 0.73203125 0.5421052631578948 0.00703125 0.010526315789473684
2 0.734375 0.5473684210526316 0.0046875 0.007894736842105263
2 0.73984375 0.5526315789473685 0.00625 0.009210526315789473
1 0.74765625 0.6 0.0078125 0.015789473684210527