2 0.17573087596999265 0.3196027101866696 0.011510502965749491 0.02400575119604612
2 0.2251923650955777 0.4049289808639559 0.01976867193911023 0.04265647573457532
2 0.2721562539171517 0.6257586001400209 0.006504667984777513 0.010710053315033831
2 0.2749947524342769 0.6375088366403988 0.008194501977166358 0.016019145591160786
2 0.2630823428524563 0.5813203315137931 0.00813083498097189 0.013387566643792214
2 0.26027567783342825 0.5682543055397311 0.008130834980971979 0.013387566643792363
2 0.25587467931630303 0.5565500034207433 0.00813083498097189 0.013387566643792363
2 0.25300434730108057 0.5461155563940497 0.006504667984777513 0.010710053315033831
2 0.24520643475351048 0.5134734586495897 0.011383168973360735 0.018742593301309278
2 0.24471168623638526 0.5016543205771269 0.008067167984777513 0.010755987696423943
2 0.23809427171164882 0.4847557621354874 0.021203837946721472 0.0374392522212286
2 0.304410338403832 0.6156064190057355 0.011319501977166357 0.01611101435394086
2 0.4816134614452562 0.2935172754670208 0.04843218281352506 0.130279465481364
2 0.5127122697344825 0.49246078469504967 0.039728344866803766 0.09320768831125592
2 0.4357067593543591 0.5775603718438772 0.031279174904859805 0.06666222693062145
2 0.5373846644875554 0.6666109986393339 0.016325336958138335 0.02940671223495315
2 0.533807383841477 0.9112789391725119 0.008130834980972067 0.013387566643792214
2 0.5234110533091293 0.8892320587896106 0.006504667984777513 0.010710053315033831
2 0.5197276377958098 0.8801363684272963 0.006504667984777513 0.010710053315033831
2 0.5159487217881985 0.8749880464860347 0.008194501977166268 0.016019145591160636
1 0.5062381407615593 0.8568655673334908 0.02283000494291585 0.04011676554998698