2 0.30625 0.3157894736842105 0.0546875 0.05526315789473684
2 0.18671875 0.11710526315789474 0.03984375 0.035526315789473684
2 0.05546875 0.13815789473684212 0.03515625 0.031578947368421054
2 0.11015625 0.14342105263157895 0.03046875 0.030263157894736843
2 0.33984375 0.014473684210526316 0.01484375 0.017105263157894738
2 0.4 0.08157894736842106 0.02109375 0.025
2 0.4671875 0.1 0.009375 0.018421052631578946
2 0.459375 0.1 0.0046875 0.015789473684210527
2 0.4484375 0.09342105263157895 0.02109375 0.03289473684210526
2 0.54375 0.13289473684210526 0.009375 0.014473684210526316
2 0.48515625 0.10789473684210527 0.0078125 0.011842105263157895
2 0.49375 0.1118421052631579 0.0078125 0.010526315789473684
2 0.50234375 0.11578947368421053 0.00703125 0.013157894736842105
2 0.50859375 0.11973684210526316 0.00546875 0.009210526315789473
2 0.56875 0.1763157894736842 0.01015625 0.011842105263157895
2 0.3875 0.5763157894736842 0.07265625 0.06184210526315789
2 0.509375 0.6 0.05 0.05
2 0.615625 0.618421052631579 0.015625 0.02236842105263158
2 0.75625 0.5710526315789474 0.00625 0.011842105263157895
2 0.73984375 0.5526315789473685 0.00546875 0.007894736842105263
2 0.73515625 0.5473684210526316 0.0046875 0.007894736842105263
2 0.73203125 0.5434210526315789 0.00546875 0.009210526315789473
1 0.71953125 0.5289473684210526 0.021875 0.031578947368421054
2 0.5359375 0.12894736842105264 0.00546875 0.010526315789473684