2 0.5994624027296579 0.23307711814373308 0.04481124203690499 0.1250377040900515
2 0.612865479094487 0.3215285796132984 0.03452618942018652 0.09780228249842023
2 0.5753585028425974 0.43139112592749673 0.03728716837349921 0.08758251074826218
2 0.5925082054875508 0.45683796467987775 0.032599668373499216 0.08712269468928872
2 0.43328439490773735 0.3461608325301982 0.048300263083592476 0.1358705639188408
2 0.4103789739739894 0.5551544281230932 0.03434417889684287 0.09253912460368323
2 0.4615704766754126 0.6842797953472628 0.02682010523343692 0.05508393126189407
2 0.451710358287796 0.7427239615647631 0.023422089448421345 0.04688265038047318
2 0.4526589372834609 0.8286334574033813 0.016717063140062292 0.03311166756499951
2 0.7372438528143626 0.39710150794242643 0.01689907366340595 0.038374825459736354
2 0.7288174318100274 0.4820913716630976 0.02011507892507769 0.0413129484464204
2 0.7222111160391294 0.5144496564364005 0.013046031570031147 0.017015649841473354
2 0.7234473923474887 0.5013683977093872 0.009648015785015573 0.008814368960052308
2 0.7163860502682312 0.5468845772195321 0.00983002630835923 0.0140775268547893
2 0.7151042713290361 0.5612816254202295 0.00983002630835923 0.01407752685478915
2 0.7107884976515128 0.5727405506342428 0.00826752630835923 0.013924254835131334
2 0.7079897213431534 0.5856685373415981 0.006614021046687313 0.011139403868105097
1 0.6799410450771466 0.6713740797639146 0.023786110495108835 0.057408966169946715
2 0.39371584776445223 0.7423160547321593 0.01653505261671846 0.02784850967026267
2 0.43698145840073543 0.9419576014664738 0.006705026308359408 0.013770982815473369
2 0.43358344261571985 0.9495457942692634 0.0065230157850155734 0.008507824920736528
2 0.43032193472321206 0.9531866186510001 0.0065230157850155734 0.008507824920736528
2 0.4268784163073606 0.962090600927474 0.006614021046687313 0.011139403868104948
2 0.4007786478915092 0.9687721389189089 0.006614021046687313 0.011139403868104948
2 0.3920483899990014 0.9718765112318435 0.006614021046687402 0.011139403868104948
2 0.41493985842897024 0.9899650652109218 0.006614021046687313 0.011139403868104948
2 0.40308460053646245 0.9927628934845404 0.00661402104668749 0.011139403868104948
2 0.4086443557981344 0.9906677666059746 0.003307010523343834 0.005569701934052474