2 0.731684932723431 0.47352096432046714 0.009948210085908293 0.018604779791617208
2 0.7123617226375227 0.4923094712721225 0.006577548620519025 0.010648800562832524
2 0.7059888919048282 0.49637932446653393 0.005015048620519024 0.010618179369492664
2 0.7027001175945686 0.5017037247479502 0.009948210085908116 0.018604779791617208
1 0.6859253753964847 0.5138673525411749 0.0263101944820761 0.042595202251329796
2 0.5865671845324533 0.3948357197226474 0.018088258706427142 0.029284201547789292
2 0.4687622088427128 0.3918844619250577 0.05837906603337366 0.06952341559180791
2 0.3367309588427128 0.3944719527622621 0.08699538896415202 0.08586407075613321
2 0.22944632406243226 0.6556269248551223 0.066355340343633 0.0749396794532433
2 0.47746002091935746 0.865109354551278 0.013073210085908293 0.01866602217829663
2 0.4551379635924112 0.9049964248718904 0.011510710085908293 0.01863540098495677
2 0.44646232643728145 0.9077964203826271 0.006577548620519025 0.010648800562832524
2 0.41500760854945706 0.914987791617842 0.006577548620519025 0.010648800562832524
2 0.40723605212702196 0.9138251081108563 0.008221935775648781 0.013311000703540505
2 0.39847852781676246 0.9192566825689614 0.011428822930778538 0.016003822037588347
2 0.3882403906616327 0.9220872992730379 0.011428822930778538 0.016003822037588347
2 0.36858630992893804 0.9264174326108368 0.011674484396167806 0.02389855887969361
2 0.36081475350650294 0.925254749103851 0.006741322930778537 0.015911958457569365
2 0.3473697291962434 0.9307781871419752 0.026146420171816585 0.03733204435659296
2 0.29420378561867855 0.9331350971892092 0.02762703301668683 0.0347310866025641
2 0.004164120308102095 0.8088890037857227 0.00832824061620419 0.04537988716539662
2 0.06869917458283063 0.8533952651010153 0.048267081637205764 0.045655477905454156