2 0.5096824406429101 0.25459590092266393 0.05561474801081765 0.13850039789255586
2 0.5544398626273199 0.44440120465382554 0.04127952800763594 0.09792360384800382
2 0.5923205759468662 0.6123896422493683 0.015843176002545433 0.03280462496178296
2 0.5255688806095027 0.667598772021156 0.020603401336727067 0.043698644029265064
2 0.6007950525939124 0.8550140044452621 0.009465906667727175 0.01389330129285925
2 0.5853155032622761 0.8351870504596766 0.007903406667727353 0.01377073353352306
2 0.5799012972629123 0.827721300775248 0.007903406667727176 0.01377073353352306
2 0.5768035692632305 0.8240190678728676 0.007903406667727353 0.01377073353352276
1 0.5659933385980486 0.806455989556642 0.023728401336727246 0.0439437795479373
2 0.17249097597072863 0.34943030569118977 0.009574994668999892 0.029682774977069774
2 0.22584269529759257 0.4254648758888284 0.020603401336727067 0.043698644029265064
2 0.292256941279457 0.6451331783577046 0.00950226933481808 0.019156459187596092
2 0.28921375728041154 0.633536208613219 0.006340906667727175 0.013648165774186868
2 0.24483759595800195 0.5015643578444946 0.02530908267027261 0.04669792625464206
2 0.25096941728995653 0.5181793499650447 0.011010225334181811 0.011384290104827019
2 0.25244101062222934 0.5312146769425505 0.012645450668363534 0.022033173653636894
2 0.27545124928391135 0.5912182658156657 0.006340906667727175 0.013648165774186868
2 0.2723898839513204 0.5822528750185486 0.007903406667727176 0.01377073353352306
2 0.26701204061904765 0.5695239674393832 0.007903406667727176 0.01377073353352306
2 0.26319669728677486 0.5566724921008814 0.00793976933481808 0.0190338914282599
2 0.3362523892823205 0.6061749653068178 0.017351132001908985 0.025032455879013888