2 0.1109375 0.14210526315789473 0.03125 0.02894736842105263
2 0.18203125 0.11710526315789474 0.03125 0.031578947368421054
2 0.2171875 0.11710526315789474 0.03984375 0.039473684210526314
2 0.24375 0.09473684210526316 0.03359375 0.02631578947368421
2 0.196875 0.2578947368421053 0.05078125 0.04736842105263158
2 0.4 0.08157894736842106 0.02109375 0.025
2 0.4484375 0.09210526315789473 0.02265625 0.030263157894736843
2 0.4671875 0.1 0.009375 0.019736842105263157
2 0.45703125 0.19473684210526315 0.02734375 0.038157894736842106
2 0.3875 0.5763157894736842 0.07265625 0.060526315789473685
2 0.50859375 0.6013157894736842 0.04921875 0.05263157894736842
2 0.56484375 0.4921052631578947 0.03125 0.039473684210526314
2 0.615625 0.6171052631578947 0.01484375 0.021052631578947368
2 0.64140625 0.5013157894736842 0.01953125 0.02631578947368421
2 0.65390625 0.48289473684210527 0.021875 0.02894736842105263
2 0.6890625 0.5881578947368421 0.015625 0.025
2 0.67578125 0.5539473684210526 0.01484375 0.021052631578947368
2 0.7140625 0.5776315789473684 0.01015625 0.017105263157894738
2 0.7171875 0.5592105263157895 0.009375 0.014473684210526316
2 0.6984375 0.5263157894736842 0.0109375 0.017105263157894738
2 0.71953125 0.5407894736842105 0.00859375 0.014473684210526316
2 0.72734375 0.5381578947368421 0.00703125 0.011842105263157895
2 0.73125 0.5421052631578948 0.00546875 0.011842105263157895
2 0.73984375 0.5526315789473685 0.00625 0.009210526315789473
2 0.7390625 0.5644736842105263 0.00625 0.009210526315789473
2 0.74140625 0.5789473684210527 0.00625 0.011842105263157895
2 0.73125 0.6026315789473684 0.00703125 0.011842105263157895
2 0.7484375 0.5828947368421052 0.003125 0.005263157894736842
2 0.75234375 0.5828947368421052 0.00390625 0.006578947368421052
2 0.75234375 0.5894736842105263 0.0046875 0.007894736842105263
2 0.75078125 0.5657894736842105 0.0046875 0.007894736842105263