2 0.9611350262436001 0.9149040044468151 0.03450226502711473 0.0385266700559142
2 0.9040537792686625 0.9032251663697253 0.03452044574527378 0.04378982795065105
2 0.8236350262436002 0.9216422636178399 0.042342036104353296 0.046804262532736784
2 0.7150316650036735 0.6979783029558863 0.05961134933607006 0.07133075545543043
2 0.6437374062230748 0.4172134773525525 0.07839771077238851 0.08277592476822579
2 0.5193550297596417 0.3759324608919262 0.05332498789975162 0.06049815515818295
2 0.40983458401436784 0.3391871766200739 0.01728749394987581 0.029789650817430787
2 0.6001838907049809 0.9286445663497025 0.02353749394987581 0.03009593532520458
2 0.5508969630118837 0.9113197147431583 0.023555674668035032 0.03535909321994142
2 0.5399367371141847 0.9052767652633416 0.004742042154477666 0.016019187065040796
2 0.5313293515755653 0.901750538040478 0.011019313231716588 0.024220208414919852
2 0.45459413475305255 0.8555025232607076 0.011001132513557365 0.01895705052018301
2 0.4608577702916719 0.8591436071739864 0.004714771077238921 0.008124450222935833
2 0.4898276528052293 0.8761480939571112 0.006277271077238922 0.008201021349879056
2 0.4968725383438487 0.8797508923069184 0.006286361436318444 0.010832600297247478
2 0.504703219062008 0.8846311945669378 0.006286361436318444 0.010832600297247478
2 0.5125338997801672 0.8895114968269574 0.007857951795398143 0.013540750371559421
2 0.4231623275714602 0.8044023668522085 0.009420451795397966 0.013617321498502944
2 0.26147889724608436 0.3701456442060187 0.006286361436318444 0.010832600297247478
1 0.29681695442767675 0.4210543727971592 0.023564765027114642 0.03799067216730984
2 0.2771902556573408 0.3943799329365841 0.006286361436318444 0.010832600297247478
2 0.28111468637549997 0.39945166301396223 0.004714771077238833 0.008124450222935682
2 0.28426241227319904 0.4058774681284964 0.006286361436318444 0.010832600297247478