2 0.9996830659142599 0.6676235149628057 0.0006338681714801453 0.03996368964959061
2 0.9824076435402557 0.7487441823759049 0.0351847129194887 0.04106620188748533
2 0.9277699281467384 0.7575894048999987 0.03666492570596276 0.04351402879520468
2 0.8510399435861444 0.7961476293436829 0.046085389812585476 0.04651311182187125
2 0.7001654168639673 0.9324133538669581 0.015943248746358663 0.019033559430409384
2 0.6342759924116457 0.8744289412926307 0.02393760517284953 0.02986612861929829
2 0.5826452962517117 0.8725028453077185 0.025591033386094964 0.035190537193918056
2 0.5622646000917776 0.8693517357251456 0.01125574874635884 0.018849807390760313
2 0.5708583500917775 0.8690148569857887 0.006522784639736124 0.01603447640374282
2 0.5425969577719095 0.8622226323815781 0.009602320533113407 0.013525398816140248
2 0.5182645475053528 0.8565930705513444 0.00643185642649069 0.010771318509005978
2 0.5253412616119755 0.858949021439239 0.008085284639736123 0.016095727083625746
2 0.5339804757185982 0.8612437216472508 0.0064318564264908675 0.010771318509005978
2 0.4820027870805115 0.748730059192982 0.017778533386094964 0.03488428379450313
2 0.4789747269722394 0.8449664428115784 0.00643185642649069 0.010771318509005978
2 0.48765940518548484 0.8498927219669584 0.004869356426490867 0.010710067829122755
2 0.6113252595669114 0.3605065132010518 0.08261392319868044 0.08213240377497082
2 0.4838451172470434 0.3576037067694145 0.055733174452321774 0.06267008958538021
2 0.37129965314042074 0.3593821767736252 0.016034176959604095 0.02429671732514623
2 0.34046484177850733 0.47514212526169547 0.02081260517284953 0.02974362725953214
2 0.2287771840192331 0.4360698709018126 0.006477320533113407 0.01340289745637425
2 0.24704145071228054 0.45247075124105224 0.00643185642649069 0.010771318509005978
2 0.2533596468722146 0.45617311694257273 0.0033068564264906895 0.010648817149239832
2 0.25735682508545993 0.46128314813760196 0.00486935642649069 0.010710067829122755
1 0.27081993151195066 0.47128883314806974 0.024119461599340218 0.040392444408771974