2 0.2912918327950109 0.6982471510560252 0.05849433847375849 0.0674890457956421
2 0.3861794131510946 0.44043096376856417 0.07729888555165924 0.07330341626705969
2 0.6239385117711228 0.42241298973985125 0.01587046185055314 0.024143554340216304
2 0.5113294176153215 0.42963203006924156 0.05213524431795715 0.056778992480608276
2 0.02244064691904019 0.8509186876278009 0.039417056006354416 0.03535888585054062
2 0.08023951014956501 0.8539340492129168 0.03316705600635441 0.03517514832498047
2 0.1580099541432106 0.8904412945982085 0.045694329545304765 0.03817420232346948
2 0.37774970982525347 0.952181200268942 0.02214773538950343 0.026958870813144874
2 0.42781789367262935 0.9470721531050024 0.0237920560063543 0.0348995420366401
2 0.43957755398105486 0.9434692925443753 0.0032613676947516267 0.013249763499622029
2 0.44818494075052995 0.9424061421683363 0.009593188311602673 0.021328237867287738
2 0.5211275629095086 0.916910511955605 0.006359094155801337 0.010710053315033831
2 0.5281588129095086 0.9171172166718601 0.009538641233702095 0.016065079972550897
2 0.4670031245979058 0.9363784073765956 0.007921594155801338 0.010755987696423792
2 0.47563778490633135 0.9326836780531883 0.006359094155801337 0.010710053315033831
2 0.4850536952147568 0.929011915920476 0.007948867694751626 0.013387566643792214
2 0.492098581984232 0.927902831163047 0.006359094155801337 0.010710053315033831
2 0.554376439532714 0.875769870806901 0.009484094155801337 0.010801922077814054
2 0.7670475836057898 0.4884810580908934 0.007976141233702095 0.016019145591160786
2 0.7489015556026126 0.5050580758628026 0.006359094155801515 0.010710053315033831
2 0.7433646217552368 0.5114762528963585 0.004796594155801337 0.010664118933643869
2 0.7401987114468113 0.5153317525546309 0.006359094155801337 0.010710053315033831
1 0.7259998437520595 0.5280762378589626 0.023819329545304767 0.03753112098400852