2 0.1265625 0.46710526315789475 0.0109375 0.018421052631578946
2 0.18046875 0.525 0.01875 0.05
2 0.1234375 0.5184210526315789 0.01171875 0.017105263157894738
1 0.10546875 0.5223684210526316 0.0203125 0.02763157894736842
1 0.09453125 0.5144736842105263 0.0125 0.02368421052631579
2 0.3890625 0.08552631578947369 0.0140625 0.031578947368421054
2 0.3671875 0.11447368421052631 0.02578125 0.034210526315789476
2 0.33515625 0.1513157894736842 0.0296875 0.038157894736842106
2 0.34140625 0.2631578947368421 0.0375 0.04868421052631579
2 0.42890625 0.29605263157894735 0.05078125 0.05263157894736842
2 0.7 0.4881578947368421 0.04921875 0.05
2 0.54296875 0.49605263157894736 0.06875 0.04736842105263158
2 0.56640625 0.23157894736842105 0.04453125 0.04078947368421053
2 0.61640625 0.2776315789473684 0.05 0.04868421052631579
2 0.49609375 0.011842105263157895 0.02421875 0.02236842105263158
2 0.76484375 0.3118421052631579 0.03671875 0.04342105263157895
2 0.8484375 0.35657894736842105 0.02109375 0.02631578947368421
2 0.8625 0.33026315789473687 0.02421875 0.02894736842105263
2 0.86953125 0.3092105263157895 0.0140625 0.017105263157894738
2 0.88125 0.31973684210526315 0.0125 0.021052631578947368
2 0.88984375 0.3263157894736842 0.00859375 0.018421052631578946
2 0.90390625 0.37236842105263157 0.0140625 0.019736842105263157
2 0.89765625 0.41578947368421054 0.0140625 0.02631578947368421
2 0.91875 0.425 0.01328125 0.02368421052631579
2 0.9421875 0.40131578947368424 0.0078125 0.013157894736842105
2 0.93828125 0.37763157894736843 0.00625 0.011842105263157895
2 0.94296875 0.3815789473684211 0.0046875 0.007894736842105263
2 0.946875 0.39473684210526316 0.00625 0.011842105263157895
2 0.95 0.41842105263157897 0.00859375 0.014473684210526316
2 0.94765625 0.45657894736842103 0.00703125 0.013157894736842105
2 0.93125 0.45263157894736844 0.01015625 0.013157894736842105