2 0.9669965686321685 0.7732340773402294 0.029207338935304604 0.045012423517361136
2 0.887821063194961 0.8174206338943023 0.046394838935304605 0.04518083438030987
2 0.6529075523205462 0.9065439408464928 0.027326503954332716 0.03183921870206901
2 0.5982200523205462 0.9070797935922387 0.025891337946721472 0.03708706651835583
2 0.5850343028148377 0.9032625608380102 0.005069501977166269 0.01583540391956029
2 0.576472386312935 0.9020309767958002 0.01151050296574958 0.023791381075465037
2 0.5291026377958097 0.8906558289253639 0.006504667984777513 0.01058755610327317
2 0.5361020542977124 0.8919027230460236 0.008130834980972067 0.01323444512909161
2 0.5461946373015181 0.8944347864834677 0.006504667984777513 0.01058755610327317
2 0.5547247203053237 0.8969821599993618 0.008130834980972067 0.01323444512909161
2 0.49644930528629566 0.8843983932043902 0.006504667984777513 0.01058755610327317
2 0.4886686387843929 0.8831591541229554 0.011383168973360825 0.018528223180728196
2 0.4701560607235031 0.8412452669456842 0.014508168973360824 0.018558843337627938
2 0.7317222549057348 0.6189975719746404 0.06747134288963733 0.0769588127685794
2 0.6404645380232712 0.35548076766723175 0.08810217787060921 0.09031573852526982
2 0.5021832880232712 0.3568357096100463 0.05946784190105418 0.06898752553422463
2 0.3833059540308824 0.36326243346697423 0.019450336958138338 0.029131089362451235
2 0.22817544365075904 0.44765755799716794 0.009820668973360735 0.018512913102278174
2 0.2480422746773983 0.4658795796088984 0.006504667984777513 0.01058755610327317
2 0.25794385669262077 0.4763063798884478 0.006504667984777513 0.01058755610327317
2 0.25341552418310676 0.46977336275537657 0.006504667984777513 0.01058755610327317
1 0.2733141887078432 0.4866795948934227 0.026018671939110227 0.04235022441309282