2 0.1875 0.11578947368421053 0.04140625 0.034210526315789476
2 0.1109375 0.14210526315789473 0.03359375 0.03289473684210526
2 0.0546875 0.1355263157894737 0.04453125 0.038157894736842106
2 0.33984375 0.015789473684210527 0.01484375 0.015789473684210527
2 0.4 0.08157894736842106 0.021875 0.025
2 0.54296875 0.17894736842105263 0.01171875 0.019736842105263157
2 0.54375 0.13421052631578947 0.00859375 0.014473684210526316
2 0.53671875 0.13026315789473683 0.00546875 0.007894736842105263
2 0.509375 0.11973684210526316 0.00625 0.009210526315789473
2 0.5015625 0.11710526315789474 0.0078125 0.013157894736842105
2 0.49375 0.11315789473684211 0.00703125 0.011842105263157895
2 0.48515625 0.10789473684210527 0.00859375 0.013157894736842105
2 0.4671875 0.1 0.009375 0.019736842105263157
2 0.459375 0.1 0.0046875 0.013157894736842105
2 0.4484375 0.09342105263157895 0.02109375 0.03289473684210526
2 0.42421875 0.3763157894736842 0.05 0.056578947368421055
2 0.3875 0.5763157894736842 0.0734375 0.06315789473684211
2 0.50859375 0.6026315789473684 0.0484375 0.05394736842105263
2 0.615625 0.618421052631579 0.015625 0.02236842105263158
2 0.75625 0.5710526315789474 0.0078125 0.013157894736842105
2 0.73984375 0.5526315789473685 0.00625 0.009210526315789473
2 0.73125 0.5421052631578948 0.00703125 0.011842105263157895
2 0.73515625 0.5473684210526316 0.00546875 0.007894736842105263
1 0.71875 0.5289473684210526 0.0203125 0.03289473684210526