2 0.6058560950933314 0.37870132841618837 0.01956887155129756 0.02815505370957845
2 0.3734939744465451 0.38706517513468186 0.07696529172311398 0.07051495168041892
2 0.49544753957540755 0.34755501466382993 0.05336401741285464 0.06295271349081438
2 0.6037104189286211 0.322505561096912 0.01628009724103805 0.022585351775525828
2 0.7266632400503773 0.37603327320849433 0.006495661465389269 0.008507824920736677
2 0.7185641350074231 0.3860101596225731 0.006577548620519025 0.011139403868105097
2 0.7137128606971637 0.3917331335762835 0.009784435775648604 0.01407752685478915
2 0.734305321687583 0.33068334302459984 0.006577548620519025 0.011139403868105097
2 0.7239034102221938 0.33957434799448116 0.008140048620519025 0.011292675887762914
2 0.7194206281100183 0.33345521668503364 0.006577548620519025 0.011139403868105097
2 0.7084831281100182 0.3345281208226386 0.009784435775648604 0.014077526854789225
2 0.7260800638856669 0.31968423386956013 0.008140048620519025 0.011292675887762914
2 0.48107966587640333 0.834320483917159 0.006495661465389269 0.008507824920736528
2 0.4739665287212736 0.8376417869529877 0.006577548620519025 0.011139403868104948
2 0.4382780122129303 0.8581956705531841 0.010030097241038049 0.02197226369689456
2 0.419282350747541 0.8679296716311835 0.022857645861557075 0.033724755643630776
2 0.369736052127022 0.8832840560398796 0.022611984396167805 0.02583001880152581
2 0.08017226311744138 0.8526587613902794 0.035275758706427275 0.03231935285352548
2 0.15669714156614387 0.8713875858908998 0.043333920171816497 0.040980449793919675
2 0.21233298790267074 0.8856066352884804 0.0370839201718165 0.04036736171528841
2 0.3083138732487781 0.9548978664710884 0.012991322930778537 0.017015649841473354
2 0.517467545229617 0.8163215432545021 0.008303822930778536 0.016555833782499755
2 0.5453811832892579 0.7702948662887396 0.009702548620519025 0.01144594790742088
2 0.5427475062200364 0.7548119366438448 0.009866322930778538 0.01670910580215772