2 0.615625 0.6171052631578947 0.0171875 0.02368421052631579
2 0.509375 0.6013157894736842 0.05078125 0.05263157894736842
2 0.38671875 0.575 0.07421875 0.06710526315789474
2 0.30390625 0.3171052631578947 0.05546875 0.05921052631578947
2 0.0546875 0.1368421052631579 0.03984375 0.035526315789473684
2 0.11015625 0.14210526315789473 0.03203125 0.03289473684210526
2 0.18671875 0.11578947368421053 0.04296875 0.034210526315789476
2 0.33984375 0.014473684210526316 0.0140625 0.017105263157894738
2 0.39921875 0.08157894736842106 0.021875 0.025
2 0.44921875 0.09210526315789473 0.021875 0.031578947368421054
2 0.459375 0.1 0.00390625 0.013157894736842105
2 0.4671875 0.1 0.009375 0.018421052631578946
2 0.54375 0.13421052631578947 0.0078125 0.013157894736842105
2 0.5375 0.13157894736842105 0.0046875 0.007894736842105263
2 0.50859375 0.11973684210526316 0.00546875 0.007894736842105263
2 0.5015625 0.11710526315789474 0.00703125 0.013157894736842105
2 0.49375 0.1118421052631579 0.00703125 0.010526315789473684
2 0.4859375 0.10789473684210527 0.0078125 0.011842105263157895
2 0.75625 0.5723684210526315 0.00703125 0.014473684210526316
2 0.73984375 0.5526315789473685 0.00625 0.009210526315789473
2 0.73125 0.5421052631578948 0.00625 0.010526315789473684
2 0.734375 0.5473684210526316 0.00390625 0.009210526315789473
1 0.71875 0.5276315789473685 0.02109375 0.035526315789473684
2 0.57265625 0.17763157894736842 0.009375 0.010526315789473684