2 0.05108108043634614 0.7149606906545047 0.03717466832079959 0.04720310048416177
2 0.1301350337033338 0.7714949789717722 0.049965766749223 0.05858724527499159
2 0.3507065529337562 0.8789586211258432 0.025946069892376133 0.03592618431850173
2 0.4033050140586266 0.8845769884984545 0.02609161910658795 0.041189342213238576
2 0.41573223945152077 0.8810875805497298 0.006759422249741043 0.018849967132256864
2 0.42361751405862663 0.8831830163712509 0.011519696856846905 0.02180323195513402
2 0.46963848945152076 0.877388192981382 0.008176373035529316 0.013694037862689799
2 0.46182598945152076 0.8779243361072296 0.00824914764263518 0.01632561681005792
2 0.45326862675507373 0.879829883019346 0.00824914764263518 0.01632561681005822
2 0.4438936267550737 0.8804732547703631 0.011301373035529316 0.013908495113028756
2 0.5001800140586267 0.8779288137379452 0.008176373035529316 0.013694037862689799
2 0.5079561267550737 0.8760768811384136 0.00981164764263518 0.0164328454352274
2 0.5071727227022977 0.8194443194574077 0.016352746071058633 0.027388075725379
2 0.5376328564911941 0.5906086572922402 0.04364299214211727 0.05552675182694495
2 0.38644488399378407 0.4164240074297992 0.08677656203449331 0.09263245102231095
2 0.5177505419755014 0.4377335751228826 0.05970463978475227 0.07238851176285056
2 0.6325407880465599 0.45622167495919325 0.021040246071058633 0.027709761600887735
2 0.7751135858130296 0.5453089235328387 0.009738873035529316 0.013801266487858978
2 0.755873434241453 0.5571755971369311 0.008176373035529316 0.0136940378626895
2 0.750441071545006 0.5588666867987085 0.006613873035529317 0.013586809237520021
2 0.7458991207592177 0.5644515305689539 0.00817637303552914 0.0136940378626895
1 0.7304560572769823 0.5721027641890699 0.024529119106587772 0.0410821135880688