2 0.6288027737259962 0.14663584845531047 0.04135451186299814 0.09741755773450073
2 0.8089332841061194 0.21730652202809256 0.011637836958138336 0.029697968797239134
2 0.765195212965312 0.31783818752322446 0.01814250494291585 0.04065319908739088
2 0.7280519931170988 0.5615764483995962 0.00975700197716627 0.0164328454352274
2 0.7301092416342241 0.5495735001986841 0.006504667984777513 0.0109552302901516
2 0.7383700692008223 0.5028774968687197 0.004942167984777512 0.010848001664982121
2 0.7396460677179475 0.4909281629803924 0.006568334980971891 0.013586809237520021
2 0.7424527327369755 0.4775558109932113 0.006504667984777513 0.0109552302901516
2 0.7460406477560035 0.46412984469344537 0.006504667984777513 0.0109552302901516
2 0.7570444733454353 0.40142991042893145 0.02126750494291585 0.04086765633772984
2 0.7528026423187961 0.4201726489360189 0.008003500988583134 0.008430879967952807
2 0.7515584772997681 0.43343777229803054 0.011383168973360825 0.01917165300776545
2 0.4699172050566466 0.2748392743182486 0.04680601581733086 0.12931819097843023
2 0.449851397261712 0.48050230074201333 0.03653967787060921 0.09183271396425545
2 0.4338364195048333 0.6595278518165851 0.014762836958138337 0.02991242604757809
2 0.45460120015091177 0.9032460219827382 0.008067167984777513 0.011062458915321378
2 0.4672139466908707 0.874702999721429 0.006504667984777513 0.0109552302901516
2 0.4701479457022876 0.8665938056289846 0.006377333992388756 0.005692072395414758
2 0.47399052870609315 0.8636941551186926 0.006504667984777513 0.0109552302901516
1 0.48207494273653795 0.8420517661013129 0.021140170950527094 0.035604498442993
2 0.7008183310638204 0.6003486689158052 0.00975700197716627 0.01643284543522755