2 0.134375 0.4 0.009375 0.019736842105263157
2 0.13671875 0.45526315789473687 0.0109375 0.014473684210526316
2 0.11953125 0.4986842105263158 0.0109375 0.017105263157894738
2 0.1171875 0.4776315789473684 0.01015625 0.019736842105263157
2 0.12734375 0.4855263157894737 0.0109375 0.018421052631578946
1 0.1046875 0.4473684210526316 0.01640625 0.02631578947368421
1 0.20390625 0.5223684210526316 0.06875 0.1355263157894737
2 0.33515625 0.15 0.03046875 0.035526315789473684
2 0.45859375 0.06842105263157895 0.034375 0.03289473684210526
2 0.5875 0.35657894736842105 0.0734375 0.06447368421052632
2 0.54296875 0.49605263157894736 0.06796875 0.04868421052631579
2 0.70859375 0.40657894736842104 0.04375 0.046052631578947366
2 0.7875 0.4276315789473684 0.025 0.03289473684210526
2 0.8328125 0.3144736842105263 0.02734375 0.02763157894736842
2 0.8671875 0.3118421052631579 0.01640625 0.018421052631578946
2 0.87890625 0.31973684210526315 0.01328125 0.019736842105263157
2 0.89140625 0.32894736842105265 0.0140625 0.019736842105263157
2 0.9375 0.43157894736842106 0.0078125 0.014473684210526316
1 0.94609375 0.45263157894736844 0.0234375 0.02763157894736842