2 0.6502331237764647 0.081825126999181 0.03206845553496294 0.04223198838331795
2 0.6482241904740204 0.14110461091929027 0.0402083377489479 0.058711038110726387
2 0.4395783328548065 0.4629119988591688 0.07151290145127867 0.06410092123088648
2 0.288700368334169 0.33044401533122025 0.05103671034428627 0.05441328667646664
2 0.2177876676085296 0.36559756814105404 0.03691964664195542 0.05054047085134199
2 0.1846750672457099 0.3829674717330116 0.028943455534962848 0.04195615796603878
2 0.18539182985958164 0.42361903020858255 0.01940476442797028 0.03323392987209613
2 0.14233379982251476 0.35649698207586333 0.02420139183263199 0.03891083339275173
2 0.10869540980398132 0.3240048008764604 0.01606150961864685 0.022431783665343187
2 0.09753965499465789 0.33549652312641115 0.012881945916315996 0.019524374300695587
2 0.0848486820364999 0.3458103711113173 0.016170637023308565 0.027694941560080105
2 0.03287446506879167 0.48304943702556935 0.012827382213985139 0.01689279535332724