2 0.20086302931927671 0.8079017975726027 0.005124009618646852 0.02142033485695594
2 0.2638615702409348 0.4403927473793262 0.006577382213985139 0.01627974472155529
2 0.262834783580446 0.4522961365221522 0.00485119110699257 0.008262440120113835
2 0.2375024229660072 0.6959947805514174 0.016443455534962848 0.04069936180388822
2 0.24161949329176005 0.6102846131229394 0.021130955534962848 0.041067065081896795
2 0.24512643920807603 0.591618424972688 0.007921627404661713 0.005875996691417796
2 0.24461800771973027 0.5785218141155141 0.012881945916315996 0.019401594706268472
2 0.25708329138499425 0.503979629273845 0.004905754809323426 0.010894019067482257
2 0.25452128657567086 0.514689796702323 0.006468254809323426 0.011016586826818447
2 0.25265868621285115 0.5292860486721854 0.006468254809323426 0.011016586826818447
2 0.25079608585003144 0.5438823006420479 0.006522818511654283 0.013648165774186868
2 0.29017109909687533 0.37527376849310523 0.006522818511654283 0.013648165774186868
2 0.38441957378431385 0.8329124861814597 0.03946429328391084 0.09767846832933144
2 0.5401462733288269 0.65780423490934 0.04491568511654265 0.1348882768704979
2 0.5507886513664608 0.4454718586088374 0.036175602176918176 0.08953859596855379
2 0.5577876742319516 0.2583846178270071 0.014771828130301045 0.035313636149815114
2 0.5244717211440595 0.02191384372021724 0.006468254809323426 0.011016586826818409
2 0.5071651700556004 0.06662185782482609 0.006468254809323426 0.011016586826818409
2 0.510399297460262 0.06111356441141688 0.006468254809323426 0.011016586826818409
2 0.5129340204184201 0.05171918645662314 0.006468254809323426 0.011016586826818409
1 0.49967012858578813 0.08954183379447049 0.021130955534962935 0.04106706508189665