2 0.1875 0.11578947368421053 0.0421875 0.035526315789473684
2 0.109375 0.14342105263157895 0.0359375 0.031578947368421054
2 0.3140625 0.3144736842105263 0.06875 0.06578947368421052
2 0.36328125 0.2881578947368421 0.05390625 0.05
2 0.428125 0.34210526315789475 0.0484375 0.05526315789473684
2 0.44140625 0.3131578947368421 0.0484375 0.04736842105263158
2 0.3875 0.5776315789473684 0.07421875 0.07105263157894737
2 0.50859375 0.6013157894736842 0.05078125 0.05131578947368421
2 0.57890625 0.5118421052631579 0.03046875 0.04078947368421053
2 0.6125 0.525 0.02578125 0.03684210526315789
2 0.66171875 0.5184210526315789 0.01796875 0.025
2 0.4 0.08289473684210526 0.021875 0.02763157894736842
2 0.4484375 0.09210526315789473 0.02265625 0.031578947368421054
2 0.46796875 0.1013157894736842 0.009375 0.019736842105263157
2 0.459375 0.1 0.0046875 0.017105263157894738
2 0.48671875 0.10789473684210527 0.0078125 0.014473684210526316
2 0.49453125 0.11052631578947368 0.0078125 0.013157894736842105
2 0.5015625 0.11578947368421053 0.0078125 0.013157894736842105
2 0.50859375 0.11973684210526316 0.00546875 0.007894736842105263
1 0.559375 0.16052631578947368 0.03125 0.034210526315789476
2 0.615625 0.618421052631579 0.015625 0.02631578947368421
2 0.72734375 0.5368421052631579 0.0078125 0.010526315789473684
2 0.73203125 0.5421052631578948 0.0046875 0.009210526315789473
2 0.734375 0.5473684210526316 0.0046875 0.009210526315789473
2 0.73984375 0.5526315789473685 0.00546875 0.009210526315789473
2 0.74453125 0.593421052631579 0.00625 0.011842105263157895
2 0.746875 0.6092105263157894 0.00546875 0.010526315789473684
2 0.75625 0.5697368421052632 0.00625 0.009210526315789473
2 0.75859375 0.5894736842105263 0.00546875 0.010526315789473684
2 0.75625 0.5802631578947368 0.003125 0.006578947368421052