1 0.1046875 0.5236842105263158 0.0203125 0.02368421052631579
1 0.17578125 0.5592105263157895 0.03984375 0.05789473684210526
2 0.33515625 0.14868421052631578 0.03125 0.035526315789473684
2 0.36640625 0.11447368421052631 0.02578125 0.031578947368421054
2 0.41640625 0.02368421052631579 0.0203125 0.019736842105263157
2 0.46796875 0.2394736842105263 0.04453125 0.04473684210526316
2 0.43828125 0.29078947368421054 0.0484375 0.05263157894736842
2 0.69375 0.3013157894736842 0.0484375 0.04868421052631579
2 0.57421875 0.2736842105263158 0.06875 0.05789473684210526
2 0.54296875 0.49605263157894736 0.06796875 0.05
2 0.9046875 0.41842105263157897 0.01328125 0.021052631578947368
2 0.92109375 0.4368421052631579 0.015625 0.02631578947368421
2 0.86484375 0.3105263157894737 0.0140625 0.019736842105263157
2 0.8796875 0.31973684210526315 0.01328125 0.021052631578947368
2 0.89140625 0.32894736842105265 0.01484375 0.025
2 0.9328125 0.4039473684210526 0.009375 0.014473684210526316
2 0.890625 0.375 0.01796875 0.02236842105263158