2 0.059375 0.1355263157894737 0.03515625 0.030263157894736843
2 0.11015625 0.14210526315789473 0.03203125 0.035526315789473684
2 0.18671875 0.11578947368421053 0.03984375 0.035526315789473684
2 0.3734375 0.3513157894736842 0.05234375 0.05921052631578947
2 0.3875 0.575 0.07265625 0.06447368421052632
2 0.509375 0.6 0.04921875 0.05
2 0.61640625 0.618421052631579 0.0171875 0.02368421052631579
2 0.4 0.08289473684210526 0.02109375 0.02631578947368421
2 0.4484375 0.09342105263157895 0.02109375 0.03289473684210526
2 0.46796875 0.1 0.00859375 0.019736842105263157
2 0.459375 0.09868421052631579 0.0046875 0.015789473684210527
2 0.50859375 0.11973684210526316 0.00546875 0.009210526315789473
2 0.5015625 0.11710526315789474 0.00703125 0.013157894736842105
2 0.49375 0.1118421052631579 0.00703125 0.011842105263157895
2 0.48515625 0.10789473684210527 0.00859375 0.011842105263157895
2 0.54375 0.13421052631578947 0.0078125 0.013157894736842105
2 0.53671875 0.13026315789473683 0.00546875 0.010526315789473684
2 0.546875 0.175 0.01015625 0.017105263157894738
2 0.34140625 0.015789473684210527 0.01328125 0.015789473684210527
1 0.71796875 0.5289473684210526 0.0203125 0.03289473684210526
2 0.73046875 0.5407894736842105 0.00625 0.010526315789473684
2 0.734375 0.5473684210526316 0.00546875 0.009210526315789473
2 0.7390625 0.5526315789473685 0.00546875 0.009210526315789473
2 0.75703125 0.5723684210526315 0.00703125 0.013157894736842105