2 0.8140686078220811 0.7120828860939776 0.011028403590796288 0.026744544232865576
2 0.7637595356133742 0.6206491801271941 0.01731476502711473 0.03751586274187141
2 0.7478618248409857 0.541089304907311 0.022020445745273776 0.04296277267625732
2 0.7407305808911099 0.5118663084267847 0.012563632513557365 0.018911058070643236
2 0.7431106923274283 0.522484500236083 0.009411361436318443 0.010893819868771826
2 0.6824681081166688 0.3793368753763752 0.011010222872636888 0.021481386338128735
2 0.7074953791939077 0.3882116230966092 0.009429542154477843 0.01615697776350867
2 0.7106567406302261 0.3988604402458489 0.004714771077238921 0.008078488881754334
2 0.7328180869412341 0.4826126866063168 0.007876132513557366 0.018727306030994165
2 0.7288618399662962 0.4679858756960829 0.007857951795397966 0.013464148136257324
2 0.7256913881708981 0.4547054795994747 0.009429542154477843 0.016156977763508818
2 0.7225300267345796 0.44405666245023495 0.007857951795398143 0.013464148136257324
2 0.6299208667990717 0.7706447795519891 0.04408634328594587 0.09908344008935704
2 0.4758464451560987 0.7159273770571937 0.050454517953980905 0.13353896912467852
2 0.4400084182251273 0.5171808157071935 0.03625566256778647 0.09351402879520468
2 0.4097164093463328 0.34101705278941574 0.01572499394987581 0.02955987521988307
2 0.41122384631100795 0.09900366565134561 0.010982951795398144 0.013586649496023397
2 0.42614940954272457 0.12326975763655032 0.007857951795397966 0.013464148136257324
2 0.43007838544042354 0.130001831704679 0.006286361436318444 0.010771318509005829
2 0.43322156615858276 0.1353874909591819 0.007857951795397966 0.013464148136257324
1 0.44344144867214014 0.15420667301000063 0.02200226502711473 0.03769961478152048