2 0.041877475953382884 0.05052587295642319 0.03820932813030113 0.03604823336243259
2 0.09785465744172861 0.060927207123300624 0.038318455534962846 0.04131139125716943
2 0.1850644807627063 0.03299329905162264 0.046130955534962846 0.04169424689188675
2 0.42057539482785683 0.009725167257405376 0.02560020072563951 0.019450334514810753
2 0.4942485078045483 0.02704274223260646 0.009811509618646852 0.02151205834060815
2 0.4733457307627063 0.018949773888840192 0.02576389183263199 0.037899547777680384
2 0.4856820396557137 0.026148093957111294 0.003452382213985139 0.01594261593809745
2 0.5761334248649238 0.06772131460986608 0.00970238221398514 0.01624890044587129
2 0.56840277041842 0.06415680182353076 0.006468254809323426 0.010832600297247533
2 0.5390153707812397 0.05113796902493024 0.006468254809323426 0.010832600297247533
2 0.5312847163347361 0.04757345623859492 0.008085318511654194 0.013540750371559421
2 0.5228000937393977 0.04273143954204713 0.008030754809323425 0.010909171424191
2 0.5135342211440594 0.03792770840897106 0.008085318511654194 0.013540750371559421
2 0.5662028641578177 0.13261614001858144 0.014608137023308565 0.027004929616175396
2 0.56418895245492 0.41795102799069656 0.04160714664195542 0.049359270353161684
2 0.3788119584453697 0.5505940603693974 0.08283234736759493 0.08029748807474427
2 0.5108060029104069 0.5835591987897294 0.05755952885594055 0.06591445530680684
2 0.7859969758685649 0.5608721541318904 0.00813988221398514 0.01617232931892784
2 0.7677107673383772 0.5394225866025805 0.006468254809323426 0.010832600297247478
2 0.7623784265942043 0.5331116381784614 0.006468254809323426 0.010832600297247478
2 0.7586085858500314 0.5267241186273991 0.006468254809323426 0.010832600297247478
1 0.7456547180640166 0.511585499522208 0.024255955534962938 0.040622251114678265
2 0.6281745521847675 0.6067254471265505 0.016170637023308565 0.027081500743118842