2 0.05546875 0.1394736842105263 0.03515625 0.031578947368421054
2 0.1109375 0.14342105263157895 0.03046875 0.034210526315789476
2 0.1875 0.11578947368421053 0.03984375 0.035526315789473684
2 0.30390625 0.3157894736842105 0.05234375 0.056578947368421055
2 0.340625 0.015789473684210527 0.0140625 0.015789473684210527
2 0.4 0.08157894736842106 0.0203125 0.02368421052631579
2 0.4484375 0.09210526315789473 0.02109375 0.030263157894736843
2 0.459375 0.09868421052631579 0.0046875 0.013157894736842105
2 0.46796875 0.1 0.00859375 0.017105263157894738
2 0.54375 0.13421052631578947 0.00859375 0.013157894736842105
2 0.5375 0.13157894736842105 0.0046875 0.007894736842105263
2 0.4859375 0.10789473684210527 0.00703125 0.010526315789473684
2 0.49375 0.1118421052631579 0.00625 0.009210526315789473
2 0.5015625 0.11710526315789474 0.00703125 0.011842105263157895
2 0.50859375 0.11973684210526316 0.0046875 0.007894736842105263
2 0.57734375 0.17894736842105263 0.00703125 0.009210526315789473
2 0.3875 0.575 0.07265625 0.06184210526315789
2 0.509375 0.6 0.0484375 0.04868421052631579
2 0.615625 0.618421052631579 0.015625 0.02236842105263158
2 0.75625 0.5723684210526315 0.00625 0.013157894736842105
2 0.73984375 0.5526315789473685 0.00546875 0.009210526315789473
2 0.734375 0.5460526315789473 0.00390625 0.009210526315789473
2 0.73125 0.5421052631578948 0.00625 0.010526315789473684
1 0.71875 0.5289473684210526 0.0203125 0.03289473684210526