2 0.75625 0.5710526315789474 0.00625 0.011842105263157895
2 0.73125 0.5407894736842105 0.00625 0.010526315789473684
2 0.73515625 0.5473684210526316 0.0046875 0.010526315789473684
2 0.73984375 0.5526315789473685 0.00625 0.009210526315789473
1 0.71953125 0.5289473684210526 0.02109375 0.03289473684210526
2 0.615625 0.618421052631579 0.01484375 0.02236842105263158
2 0.50859375 0.6 0.04921875 0.04868421052631579
2 0.3875 0.575 0.071875 0.06184210526315789
2 0.30390625 0.3157894736842105 0.053125 0.056578947368421055
2 0.05546875 0.13815789473684212 0.04375 0.034210526315789476
2 0.11015625 0.14342105263157895 0.03203125 0.034210526315789476
2 0.1875 0.11578947368421053 0.03984375 0.035526315789473684
2 0.34140625 0.015789473684210527 0.0125 0.013157894736842105
2 0.4 0.08157894736842106 0.02109375 0.025
2 0.4484375 0.09210526315789473 0.02109375 0.030263157894736843
2 0.459375 0.09868421052631579 0.00546875 0.013157894736842105
2 0.46796875 0.09868421052631579 0.00859375 0.021052631578947368
2 0.54375 0.13421052631578947 0.00859375 0.013157894736842105
2 0.5375 0.13157894736842105 0.0046875 0.006578947368421052
2 0.509375 0.11973684210526316 0.00546875 0.007894736842105263
2 0.5015625 0.11710526315789474 0.00703125 0.011842105263157895
2 0.49375 0.11315789473684211 0.0078125 0.010526315789473684
2 0.48515625 0.10789473684210527 0.0078125 0.011842105263157895
2 0.5796875 0.17894736842105263 0.0078125 0.010526315789473684