2 0.010907407920742641 0.10847535222122635 0.021814815841485282 0.035680874504915715
2 0.06327427374811048 0.10920633397856537 0.032524073663405886 0.03868004049956569
2 0.14883234214984453 0.07003338252447493 0.04685958944842143 0.04740184819805443
2 0.37437983176767514 0.3115120261461534 0.05843412628012441 0.06646617816237607
2 0.36012136874055245 0.543458560561856 0.08536064732681181 0.07855473890279631
2 0.4922058266471776 0.5566999673860704 0.05678062101845249 0.06374270245318733
2 0.6128900529696544 0.5614200736081482 0.024438557878390377 0.03032581984835848
2 0.3818569447524456 0.0101628653032313 0.026001057878390375 0.0203257306064626
2 0.43466342633659405 0.015179567720705745 0.026274073663405773 0.03035913544141149
2 0.45635641581325037 0.01517951194452083 0.010103042093374804 0.0216040121498697
2 0.4470269184440864 0.01441510304175895 0.005233531570031147 0.01606516396967169
2 0.48407189213572704 0.02536747549491173 0.006614021046687313 0.010893902836755244
2 0.47400664739739895 0.023333225499375835 0.008176521046687313 0.010985799598575634
2 0.49252913424321926 0.028809411725952215 0.006614021046687313 0.010893902836755244
2 0.49942387635071156 0.0323432447188131 0.006614021046687313 0.010893902836755244
2 0.530400860565696 0.038400046324510585 0.006614021046687313 0.010893902836755244
2 0.5395938500423523 0.043111823648325096 0.0067960315700311465 0.016157060731492087
2 0.5387825079630949 0.08911850684636227 0.013228042093374803 0.021787805673510487
2 0.7461344634506457 0.4734835361014088 0.006614021046687313 0.010893902836755244
2 0.7400664739739895 0.4685879652539535 0.005051521046687313 0.010802006074934855
2 0.7355154818664973 0.4649162871183621 0.006614021046687313 0.010893902836755244
1 0.7227347608056924 0.45122372538330907 0.023058068401734032 0.03549708098127493
2 0.7626394239881069 0.49220951382664774 0.008358531570031146 0.016248957493312326