2 0.06875 0.21578947368421053 0.034375 0.035526315789473684
2 0.05546875 0.1394736842105263 0.0328125 0.030263157894736843
2 0.11015625 0.14342105263157895 0.03125 0.03289473684210526
2 0.1875 0.11710526315789474 0.040625 0.034210526315789476
2 0.33984375 0.014473684210526316 0.0171875 0.019736842105263157
2 0.4 0.08157894736842106 0.021875 0.02631578947368421
2 0.53515625 0.21578947368421053 0.0125 0.02894736842105263
2 0.54375 0.13289473684210526 0.00859375 0.013157894736842105
2 0.5359375 0.13026315789473683 0.00625 0.010526315789473684
2 0.509375 0.11973684210526316 0.00546875 0.009210526315789473
2 0.5015625 0.11710526315789474 0.0078125 0.011842105263157895
2 0.49375 0.1118421052631579 0.00703125 0.009210526315789473
2 0.48515625 0.10921052631578948 0.00859375 0.011842105263157895
2 0.4671875 0.09868421052631579 0.00859375 0.019736842105263157
2 0.459375 0.09868421052631579 0.00390625 0.014473684210526316
2 0.4484375 0.09473684210526316 0.02109375 0.035526315789473684
2 0.3875 0.575 0.07265625 0.06184210526315789
2 0.50859375 0.6 0.0484375 0.04736842105263158
2 0.63125 0.5013157894736842 0.02109375 0.02763157894736842
2 0.61640625 0.618421052631579 0.01484375 0.021052631578947368
2 0.75625 0.5723684210526315 0.00625 0.013157894736842105
2 0.73984375 0.5526315789473685 0.00546875 0.009210526315789473
2 0.73125 0.5421052631578948 0.00625 0.011842105263157895
2 0.734375 0.5473684210526316 0.0046875 0.010526315789473684
1 0.71953125 0.5289473684210526 0.0203125 0.035526315789473684