2 0.20282627035353062 0.5540628754498913 0.00978443577564878 0.01389330129285925
2 0.22145011759456862 0.53441977310331 0.006577548620519025 0.011016586826818447
2 0.22860419832726325 0.5310239595992703 0.005015048620519024 0.010894019067482257
2 0.23111172263752278 0.5259446533435377 0.008140048620519025 0.011139154586154639
1 0.24566554556830128 0.5112582894933527 0.026228307326946254 0.04143476835990522
2 0.3578512850528517 0.6308546194737038 0.016443871551297562 0.02754146706704612
2 0.4786551079836302 0.6245028632583792 0.056489017412854635 0.06218460841887164
2 0.6159880116471033 0.6154907000950318 0.08510534034363318 0.0801803017711333
2 0.7249546551338112 0.33517714195570536 0.06454717887824372 0.07069218405765779
2 0.6315808706467864 0.06405234286201149 0.025491322930778538 0.01775055783358943
2 0.9947901995704587 0.17036477749404624 0.0056701458615570745 0.031946650646429625
2 0.9524389252601992 0.1723186058867062 0.03872830732694617 0.04241531043459467
2 0.8684290954320157 0.12879655773972642 0.04497830732694652 0.04290558147193936
2 0.42480857021724505 0.14016251342653463 0.008140048620519025 0.011139154586154562
2 0.46698942616471034 0.09334927516927533 0.009866322930778538 0.016524880240227597
2 0.4748428697422752 0.092646324492272 0.006577548620519025 0.011016586826818409
2 0.5767705399140917 0.06370983970629777 0.025982645861557074 0.033540031517799954
2 0.5633255156038321 0.0679311716466771 0.005178822930778537 0.01615717696221906
2 0.5547317656038322 0.0672570489703281 0.010030097241038049 0.021788038134964455
2 0.5326111041384429 0.07343583718172683 0.009784435775648604 0.013893301292859194
2 0.5238535798281835 0.07802487240011467 0.008140048620519025 0.0111391545861546
2 0.5143557490954889 0.08123683426515022 0.00978443577564878 0.013893301292859175
2 0.5064204183627943 0.08457136388952195 0.006577548620519025 0.011016586826818409