1 0.7513814838427492 0.47251512557602443 0.036339293283910834 0.09608435706269018
2 0.7766741497219983 0.5629075699847964 0.014499009618646853 0.021603887697894734
2 0.7797545097034648 0.5985257617940946 0.022748019237293703 0.04296277267625747
2 0.746073935749515 0.3671294663215215 0.00970238221398514 0.016156977763508818
2 0.7831721755827139 0.688060696684504 0.019623019237293704 0.04284027131649132
2 0.6238269466341062 0.7961949355271354 0.05100199400955034 0.12558298160269032
2 0.6497793222246694 0.7301615592671938 0.037901793283910835 0.09614560774257311
2 0.6181994508104574 0.600081053268305 0.04102679328391083 0.09626810910233925
2 0.6365129411918107 0.5797634298479541 0.037847229581580065 0.09351402879520468
2 0.46295887930357826 0.6426401958063165 0.051329376223535304 0.1413724552869007
2 0.45673118275429003 0.4175789451264334 0.0410813569862416 0.09889968804970767
2 0.5123685691446264 0.23964331306725214 0.02603671034428636 0.05098001087812873
2 0.5191195661494016 0.3016997957100007 0.02932540145127884 0.058997249080000064
2 0.5206969351165428 0.15188354774964985 0.017896828130301044 0.034884283794502945
2 0.45344743693064127 0.22155693888742756 0.014662700725639511 0.029498624539999994
2 0.513472222958158 0.029331374657369142 0.00970238221398514 0.01615697776350878
2 0.5109920637023309 0.022660551269123527 0.006359127404661713 0.005508160614269015