2 0.053125 0.1368421052631579 0.03828125 0.03289473684210526
2 0.1109375 0.14078947368421052 0.03203125 0.034210526315789476
2 0.18671875 0.11578947368421053 0.04140625 0.035526315789473684
2 0.33984375 0.014473684210526316 0.01484375 0.017105263157894738
2 0.4 0.08157894736842106 0.02265625 0.025
2 0.55078125 0.1736842105263158 0.0109375 0.015789473684210527
2 0.54375 0.13421052631578947 0.009375 0.013157894736842105
2 0.53671875 0.13026315789473683 0.00625 0.009210526315789473
2 0.509375 0.11973684210526316 0.00546875 0.009210526315789473
2 0.50234375 0.11710526315789474 0.00703125 0.013157894736842105
2 0.49375 0.1118421052631579 0.00703125 0.010526315789473684
2 0.48515625 0.10789473684210527 0.00859375 0.011842105263157895
2 0.4484375 0.09342105263157895 0.02265625 0.03289473684210526
2 0.459375 0.09868421052631579 0.0046875 0.014473684210526316
2 0.4671875 0.09868421052631579 0.009375 0.021052631578947368
2 0.34453125 0.3355263157894737 0.053125 0.056578947368421055
2 0.3875 0.5763157894736842 0.071875 0.06315789473684211
2 0.50859375 0.6013157894736842 0.04921875 0.05263157894736842
2 0.615625 0.618421052631579 0.01484375 0.021052631578947368
2 0.75625 0.5710526315789474 0.00703125 0.013157894736842105
2 0.73984375 0.5526315789473685 0.00625 0.010526315789473684
2 0.73046875 0.5407894736842105 0.00625 0.011842105263157895
2 0.734375 0.5460526315789473 0.0046875 0.011842105263157895
1 0.71875 0.5289473684210526 0.02109375 0.034210526315789476