2 0.9889512542396425 0.8161248647173565 0.022097491520715096 0.046574549151906515
2 0.9174906309350934 0.8568800082215594 0.04670458163720568 0.04695740478662353
2 0.7663209565794052 0.987419075827527 0.017433161465389268 0.00873701923848342
2 0.6942888263216804 0.9287102172203344 0.024420145861557073 0.032727514272573
2 0.6419450763216805 0.9261450844677283 0.026228307326946164 0.04069882224162179
2 0.6207694391665507 0.9224797953066232 0.01159259724103805 0.021588629467551433
2 0.629322245588986 0.921585147031128 0.005178822930778537 0.016019187065041095
2 0.5359440598133371 0.9038712702411498 0.00978443577564878 0.013617321498502944
2 0.543838446968467 0.9068857048232357 0.005015048620519024 0.010756029170304254
2 0.5751293905460317 0.909732916835789 0.006577548620519025 0.010832600297247478
2 0.5822425277011615 0.912709065854403 0.009866322930778538 0.016248900445871364
2 0.5995528584338562 0.9174987166718338 0.006577548620519025 0.010832600297247478
2 0.5924806648562913 0.915838357126904 0.006577548620519025 0.010832600297247478
2 0.5365681795556123 0.8487229690368281 0.011510710085908293 0.01895705052018301
2 0.6601816627085847 0.45933202550196206 0.08362472749876275 0.08029748807474427
2 0.5066239727490645 0.6134021613803585 0.04366146879233561 0.049435841480105054
2 0.4137570420617983 0.46170747165542125 0.01808825870642732 0.029789650817430787
2 0.268516463138126 0.5321030791066325 0.008221935775648781 0.013540750371559421
2 0.28763495533620986 0.5448640378931119 0.006577548620519025 0.010832600297247478
2 0.2932674796464694 0.5503951947321508 0.006577548620519025 0.010832600297247478
2 0.29881811680159914 0.5532947726238213 0.006577548620519025 0.010832600297247478
1 0.3123859718445533 0.5631561535186302 0.024583920171816587 0.03799067216730984