1 0.5625 0.1513157894736842 0.02734375 0.02894736842105263
2 0.56796875 0.16842105263157894 0.01171875 0.014473684210526316
2 0.5171875 0.14342105263157895 0.015625 0.017105263157894738
2 0.49609375 0.12236842105263158 0.01796875 0.018421052631578946
2 0.478125 0.10394736842105264 0.01015625 0.02236842105263158
2 0.46796875 0.1 0.009375 0.019736842105263157
2 0.4484375 0.09342105263157895 0.02265625 0.035526315789473684
2 0.65625 0.4855263157894737 0.01875 0.02894736842105263
2 0.69609375 0.5263157894736842 0.0140625 0.02236842105263158
2 0.73046875 0.5421052631578948 0.00859375 0.014473684210526316
2 0.73984375 0.5526315789473685 0.00703125 0.014473684210526316
2 0.3875 0.5763157894736842 0.08046875 0.06973684210526315
2 0.50859375 0.6026315789473684 0.05625 0.060526315789473685
2 0.47265625 0.3986842105263158 0.05 0.05789473684210526
2 0.40625 0.36578947368421055 0.06015625 0.06184210526315789
2 0.3265625 0.33026315789473687 0.059375 0.06447368421052632
2 0.34375 0.09342105263157895 0.0265625 0.02894736842105263
2 0.2578125 0.09210526315789473 0.04140625 0.030263157894736843
2 0.1875 0.11710526315789474 0.04375 0.038157894736842106
2 0.109375 0.14210526315789473 0.0359375 0.031578947368421054