1 0.519395471131392 0.11378407112099449 0.05172909997176518 0.05245027606219083
2 0.47337731584148524 0.06875106944013855 0.010012036831702886 0.01888047939323971
2 0.4549003316265008 0.06177518612135484 0.022967063140062294 0.03265094314562953
2 0.5758351869305249 0.12809448814545282 0.009739021046687312 0.010985742551134449
2 0.40609110530402415 0.05234507135691602 0.02278505261671846 0.027387785250892693
2 0.10578799743975124 0.12091752502417005 0.035467063140062205 0.03326351216117721
2 0.18716680005646974 0.09065832251289752 0.04346157366340586 0.03890952569063137
2 0.3157783764918859 0.2958387397319741 0.06790013154179624 0.06900546101583595
2 0.35758644489361996 0.25963736411565463 0.05172909997176518 0.05245027606219079
2 0.4234620738751674 0.3168328358830877 0.05191111049510884 0.057713433956927636
2 0.43769887912272176 0.2885504023566998 0.05016659997176518 0.05237370493524742
2 0.37064934506302916 0.5584887972115027 0.07736613680346807 0.07209646672486521
2 0.4931312898154747 0.5800712571303375 0.053473610495108834 0.05779000508387101
2 0.6026651845114506 0.5024577138820788 0.02627407366340595 0.038067243294253365
2 0.5688817187123176 0.4870370155169402 0.029581084186749606 0.0434835434428771
2 0.6521114476656302 0.4934667760149386 0.01956904735504672 0.02460306404963732
2 0.6002157477221 0.5958404809501859 0.016353042093374803 0.021818342848382
2 0.7304793713713884 0.5277195432776641 0.006614021046687313 0.010832600297247478
2 0.7177896555722554 0.5112651346987889 0.00983002630835923 0.013617321498502944
2 0.7222951450489117 0.5162985792126953 0.006614021046687313 0.010832600297247478
2 0.7251926318947322 0.5227243843272293 0.003307010523343834 0.005416300148623739
2 0.7321937898154747 0.5683558747079878 0.003489021046687313 0.010679458043360731
2 0.7332102582454436 0.5840687772652547 0.005051521046687313 0.010756029170303954
2 0.7367902845538028 0.5707577402745257 0.005051521046687313 0.010756029170304104
2 0.7386790082454435 0.5838007783209527 0.004960515785015574 0.008124450222935682