2 0.0546875 0.1394736842105263 0.03203125 0.031578947368421054
2 0.11015625 0.14342105263157895 0.03203125 0.034210526315789476
2 0.18671875 0.11710526315789474 0.03984375 0.035526315789473684
2 0.30390625 0.3157894736842105 0.053125 0.056578947368421055
2 0.340625 0.015789473684210527 0.01328125 0.015789473684210527
2 0.4 0.08157894736842106 0.02109375 0.025
2 0.4484375 0.09210526315789473 0.02109375 0.030263157894736843
2 0.46015625 0.09868421052631579 0.0046875 0.015789473684210527
2 0.46796875 0.1 0.00859375 0.017105263157894738
2 0.57109375 0.17763157894736842 0.0109375 0.009210526315789473
2 0.54375 0.13421052631578947 0.00859375 0.014473684210526316
2 0.53671875 0.13026315789473683 0.00546875 0.009210526315789473
2 0.509375 0.11973684210526316 0.00546875 0.009210526315789473
2 0.48515625 0.10789473684210527 0.0078125 0.011842105263157895
2 0.49375 0.1118421052631579 0.00703125 0.010526315789473684
2 0.50234375 0.11710526315789474 0.00703125 0.011842105263157895
2 0.38828125 0.575 0.071875 0.060526315789473685
2 0.50859375 0.6 0.04921875 0.05131578947368421
2 0.615625 0.6171052631578947 0.015625 0.021052631578947368
2 0.75625 0.5710526315789474 0.00703125 0.013157894736842105
2 0.73984375 0.5526315789473685 0.00546875 0.009210526315789473
2 0.73515625 0.5473684210526316 0.0046875 0.010526315789473684
2 0.73203125 0.5434210526315789 0.00625 0.010526315789473684
1 0.71953125 0.5289473684210526 0.021875 0.034210526315789476