2 0.1109375 0.14342105263157895 0.03203125 0.030263157894736843
2 0.1875 0.11578947368421053 0.040625 0.034210526315789476
1 0.1734375 0.19736842105263158 0.159375 0.14868421052631578
2 0.46796875 0.1 0.009375 0.017105263157894738
2 0.44921875 0.09210526315789473 0.021875 0.030263157894736843
2 0.4 0.08157894736842106 0.02109375 0.025
2 0.390625 0.10921052631578948 0.0296875 0.025
2 0.32421875 0.31973684210526315 0.06484375 0.06184210526315789
2 0.3625 0.28421052631578947 0.04921875 0.046052631578947366
2 0.3734375 0.4236842105263158 0.0609375 0.06184210526315789
2 0.42890625 0.34078947368421053 0.04765625 0.05263157894736842
2 0.44140625 0.3144736842105263 0.046875 0.05131578947368421
2 0.3875 0.5802631578947368 0.0734375 0.07368421052631578
2 0.509375 0.6 0.05 0.05131578947368421
2 0.5671875 0.5039473684210526 0.0328125 0.04342105263157895
2 0.61484375 0.6171052631578947 0.0140625 0.021052631578947368
2 0.6625 0.5197368421052632 0.015625 0.02368421052631579
2 0.72734375 0.5368421052631579 0.00859375 0.011842105263157895
2 0.73125 0.5421052631578948 0.00546875 0.010526315789473684
2 0.734375 0.5473684210526316 0.00390625 0.009210526315789473
2 0.73984375 0.5526315789473685 0.00625 0.009210526315789473
2 0.74375 0.593421052631579 0.0046875 0.010526315789473684
2 0.74765625 0.5947368421052631 0.00390625 0.007894736842105263
2 0.7421875 0.6065789473684211 0.00625 0.009210526315789473
2 0.75 0.6092105263157894 0.00546875 0.009210526315789473