2 0.05546875 0.13815789473684212 0.03828125 0.034210526315789476
2 0.109375 0.14342105263157895 0.03203125 0.034210526315789476
2 0.1875 0.11710526315789474 0.04140625 0.035526315789473684
2 0.3390625 0.014473684210526316 0.015625 0.014473684210526316
2 0.4 0.08289473684210526 0.021875 0.025
2 0.54765625 0.175 0.0109375 0.015789473684210527
2 0.54375 0.13421052631578947 0.00859375 0.011842105263157895
2 0.53671875 0.13026315789473683 0.00625 0.009210526315789473
2 0.509375 0.11973684210526316 0.00625 0.009210526315789473
2 0.50234375 0.11710526315789474 0.00703125 0.011842105263157895
2 0.49375 0.1118421052631579 0.00625 0.010526315789473684
2 0.4859375 0.10789473684210527 0.00859375 0.011842105263157895
2 0.4671875 0.1 0.009375 0.019736842105263157
2 0.459375 0.09868421052631579 0.00390625 0.014473684210526316
2 0.44765625 0.09210526315789473 0.021875 0.031578947368421054
2 0.509375 0.6 0.04921875 0.05131578947368421
2 0.3625 0.3447368421052632 0.05390625 0.056578947368421055
2 0.38671875 0.5763157894736842 0.0734375 0.06447368421052632
2 0.61484375 0.618421052631579 0.01484375 0.02236842105263158
1 0.71953125 0.5302631578947369 0.02109375 0.031578947368421054
2 0.73125 0.5421052631578948 0.00546875 0.011842105263157895
2 0.73515625 0.5473684210526316 0.0046875 0.010526315789473684
2 0.73984375 0.5526315789473685 0.00546875 0.007894736842105263
2 0.75703125 0.5723684210526315 0.00703125 0.014473684210526316