2 0.4118738386775904 0.11135746743071144 0.011064769334818082 0.019064329964321676
2 0.42043122601049954 0.10558887734596245 0.00950226933481808 0.018972433202501287
2 0.44428689668204474 0.1647367417081303 0.015824994668999892 0.029866336039256494
2 0.4117374786759996 0.09162062532544828 0.011046588001272718 0.016432751016953257
2 0.48922941605663367 0.6741435827830479 0.060393154678545 0.1508604980018064
2 0.4410180880410436 0.4834794330060806 0.047584072008272395 0.10538848180198011
2 0.5699879727084527 0.485108476471688 0.04596702800763595 0.09740184819805432
2 0.6042817040499522 0.5844484855662339 0.04920111600890866 0.11337511540590577
2 0.6457521360598154 0.7044275908115353 0.05390679734245403 0.11628238463873536
2 0.7413817147119526 0.5184668336839344 0.026980670671545325 0.06208856074042031
1 0.7240300353675894 0.3825896444198906 0.04129770934118149 0.09975773685996171
2 0.7709617687380421 0.8405428508783933 0.033139764003817976 0.049298253050859615
2 0.8015936033974971 0.7492312314314592 0.028615896005727136 0.07270677329171439
2 0.7517737747055891 0.43887618793013905 0.02374658267027261 0.046115293532569004
2 0.7445425300365892 0.41034235493727816 0.011064769334818082 0.019064329964321676
2 0.6995203840308623 0.3419087810702119 0.017442038669636162 0.03785296964318218
2 0.6889550540260897 0.2832955837062549 0.012663632001908986 0.02441938462087891