2 0.005840933841417202 0.25771099931654506 0.011681867682834404 0.04247273820901511
2 0.04994948214421498 0.23929660628903404 0.037645445745273884 0.04320768831125584
2 0.12434094896672772 0.18711472317300681 0.04704771682251274 0.051378031441701395
2 0.6238359131569619 0.5447611749901285 0.017278403590796288 0.02682106766897469
2 0.5128347806434045 0.5664435687004008 0.05804884933607006 0.07012062474301067
2 0.38309728366846657 0.584729806566301 0.08156816256778665 0.09449385099017724
2 0.28235291598563217 0.3508734360934961 0.0627636204133089 0.07815316472928613
2 0.3403341085094522 0.07419683117275938 0.02668067466803503 0.03499141079942027
2 0.3919102440480716 0.06873362816583523 0.026707945745273954 0.04288614764152553
2 0.40362444886853177 0.06970490977909409 0.0063045421544778435 0.01597321120977071
2 0.41222274404807163 0.06813648120776464 0.011010222872636888 0.0213741722486777
2 0.45673126815037257 0.07340629870656937 0.007857951795397966 0.013387566643792325
2 0.43096365368899203 0.07021684757845248 0.010982951795398144 0.013479435406572437
2 0.44033410850945226 0.07125703076379643 0.009420451795397966 0.013433501025182381
2 0.4497091085094523 0.07098142447545615 0.009438632513557366 0.018696658919919243
2 0.4871954729708328 0.07382636774314767 0.007857951795398143 0.013387566643792325
2 0.49422217779129307 0.07493545250057666 0.011001132513557365 0.01874259330130926
2 0.5151932079437181 0.10984165414128473 0.014126132513557366 0.01883446206408935
2 0.764006916083828 0.44591320575045623 0.009429542154477843 0.016065079972550897
2 0.7445256630587659 0.43201370130730554 0.007857951795397966 0.013387566643792363
2 0.7343966841360048 0.42441753794423553 0.007857951795397966 0.013387566643792363
2 0.7390660034178456 0.4295428926948023 0.007857951795397966 0.013387566643792363
1 0.7203660003927835 0.4156204210609565 0.025145445745273776 0.04284021326013547