2 0.6338560215967262 0.1295987100404909 0.03889208163720568 0.04547175074541586
2 0.598901167458283 0.09731547522525684 0.027708920171816587 0.03736266554993274
2 0.5442446449570458 0.0198820121946737 0.027135710085908295 0.018941612918353792
2 0.5538199615562464 0.28997099802334336 0.05180151741285464 0.058874615028975535
2 0.2274478120766447 0.47843049549396877 0.04053646879233561 0.04813395088612403
2 0.285782612506186 0.3874122846996332 0.05665279172311406 0.06422963650373151
2 0.1778196263009959 0.4906238226406104 0.026146420171816544 0.03733204435659296
2 0.17423760289524756 0.45500564327111764 0.0308339201718165 0.037423907936612086
1 0.126281459747224 0.36322098080336696 0.06988977611928178 0.08815881657676483
2 0.09561463591193434 0.41923343609500363 0.022939533016686785 0.034639223022545115
2 0.09483006388566698 0.394202814901664 0.01619821008590825 0.018727264564975896
2 0.08512751526514797 0.40454540353109947 0.014799484396167762 0.02395980126637303
2 0.0730402730670641 0.4161578498442096 0.01636198439616776 0.02399042245971274
1 0.038262481343950036 0.4786726995209181 0.02770892017181652 0.03736266554993282
1 0.01853315750866037 0.5348995031659326 0.021377033016686774 0.034608601829205554
2 0.4355945047496984 0.5220074196120144 0.07392217887824373 0.0671980485778366