2 0.9204368560769094 0.9066065256219284 0.039101041356328636 0.05899716199546644
2 0.7199681292362732 0.9861457470911541 0.04974744292790554 0.027708505817691718
2 0.6396449284504848 0.99030647983253 0.038518844499482084 0.01938704033494009
2 0.4736175140586266 0.923709483248417 0.01315497146395277 0.02405168557743608
2 0.4928405490048148 0.9413659589829922 0.02765411910658777 0.04025456869415716
2 0.5421149569865321 0.9730530827008205 0.025946069892376224 0.03494547641803006
2 0.6518816011145105 0.764610121660526 0.0776198858558109 0.09694169241198551
2 0.49565937220695977 0.5352004210470817 0.058360463606069855 0.07796942720372582
2 0.5047304652586997 0.6656243492766837 0.05174659057054072 0.06462779494132358
2 0.6172411197257605 0.47172397401900057 0.08863016046291676 0.09989481202908411
2 0.4924016315125847 0.3891707566588293 0.06148546360606986 0.07806129596650604
2 0.39447355376232573 0.4046979432628353 0.037320217535011316 0.051056490771971066
2 0.38358740363849114 0.3215505673230848 0.019477746071058632 0.0268670020503648
2 0.2550086393704675 0.32960308612156386 0.008176373035529316 0.013387566643792363
2 0.2726691743166556 0.3472136274747491 0.013082196856846817 0.021420106630067662
2 0.2571897235308673 0.3520174415555855 0.011374147642635179 0.01611101435394086
2 0.25232028701310266 0.3453006910429943 0.009738873035529316 0.013433501025182475
2 0.24979460049533805 0.3386528421024882 0.008103598428423453 0.010755987696423943
2 0.24488877667402048 0.33062030211621274 0.008176373035529316 0.013387566643792363
1 0.2434332845319033 0.2779887231688444 0.011446922249741042 0.018742593301309278