2 0.05703125 0.1368421052631579 0.03828125 0.035526315789473684
2 0.109375 0.14078947368421052 0.03359375 0.02894736842105263
2 0.1875 0.11710526315789474 0.040625 0.034210526315789476
2 0.38828125 0.3592105263157895 0.053125 0.05921052631578947
2 0.38671875 0.5763157894736842 0.075 0.06578947368421052
2 0.509375 0.6013157894736842 0.05234375 0.05394736842105263
2 0.33984375 0.015789473684210527 0.01640625 0.017105263157894738
2 0.4 0.08157894736842106 0.021875 0.02631578947368421
2 0.4484375 0.09342105263157895 0.02265625 0.03289473684210526
2 0.46796875 0.1 0.00859375 0.017105263157894738
2 0.46015625 0.09868421052631579 0.00390625 0.014473684210526316
2 0.509375 0.11973684210526316 0.00625 0.009210526315789473
2 0.50234375 0.11710526315789474 0.00703125 0.011842105263157895
2 0.49375 0.11315789473684211 0.00625 0.011842105263157895
2 0.4859375 0.10921052631578948 0.00703125 0.011842105263157895
2 0.54453125 0.1763157894736842 0.0109375 0.017105263157894738
2 0.54453125 0.13421052631578947 0.0078125 0.013157894736842105
2 0.53671875 0.13026315789473683 0.00625 0.010526315789473684
2 0.61640625 0.618421052631579 0.0171875 0.021052631578947368
2 0.73984375 0.5526315789473685 0.00546875 0.009210526315789473
2 0.734375 0.5473684210526316 0.00390625 0.007894736842105263
2 0.73125 0.5434210526315789 0.0046875 0.010526315789473684
1 0.71875 0.5302631578947369 0.0203125 0.03289473684210526
2 0.75625 0.5710526315789474 0.00703125 0.011842105263157895