1 0.09609375 0.525 0.01796875 0.02236842105263158
1 0.109375 0.5078947368421053 0.02109375 0.03684210526315789
2 0.4171875 0.02368421052631579 0.021875 0.019736842105263157
2 0.334375 0.15 0.03125 0.034210526315789476
2 0.36484375 0.11447368421052631 0.028125 0.02894736842105263
2 0.4265625 0.3 0.04921875 0.05394736842105263
2 0.56875 0.2802631578947368 0.0546875 0.05131578947368421
2 0.54296875 0.49605263157894736 0.06796875 0.04868421052631579
2 0.71875 0.30394736842105263 0.04140625 0.04342105263157895
2 0.69375 0.26052631578947366 0.040625 0.039473684210526314
2 0.78359375 0.41578947368421054 0.03203125 0.042105263157894736
2 0.85859375 0.3263157894736842 0.01640625 0.02763157894736842
2 0.85625 0.35789473684210527 0.0203125 0.030263157894736843
1 0.82578125 0.2868421052631579 0.06484375 0.08289473684210526
2 0.86796875 0.3092105263157895 0.0140625 0.02236842105263158
2 0.8796875 0.31973684210526315 0.0125 0.019736842105263157
2 0.89140625 0.32894736842105265 0.01484375 0.025
2 0.9234375 0.39473684210526316 0.01171875 0.015789473684210527
2 0.91640625 0.45 0.0109375 0.018421052631578946