2 0.1890625 0.45921052631578946 0.02109375 0.02368421052631579
2 0.3671875 0.11315789473684211 0.025 0.034210526315789476
2 0.3359375 0.15 0.03125 0.035526315789473684
2 0.4171875 0.02236842105263158 0.0203125 0.018421052631578946
2 0.496875 0.009210526315789473 0.02578125 0.018421052631578946
2 0.69921875 0.4855263157894737 0.04921875 0.04342105263157895
2 0.54296875 0.49473684210526314 0.06796875 0.04736842105263158
2 0.81875 0.39342105263157895 0.0234375 0.02894736842105263
2 0.86875 0.3105263157894737 0.0140625 0.018421052631578946
2 0.88046875 0.31842105263157894 0.0109375 0.019736842105263157
2 0.890625 0.3263157894736842 0.01171875 0.019736842105263157
2 0.88203125 0.4 0.01484375 0.017105263157894738
2 0.92109375 0.42105263157894735 0.01171875 0.017105263157894738
2 0.9078125 0.4486842105263158 0.01328125 0.02236842105263158
2 0.9515625 0.45789473684210524 0.00703125 0.011842105263157895
2 0.9375 0.37894736842105264 0.0046875 0.011842105263157895
2 0.94296875 0.38026315789473686 0.00546875 0.009210526315789473
2 0.95078125 0.3907894736842105 0.00625 0.010526315789473684
2 0.9625 0.43157894736842106 0.00546875 0.011842105263157895
2 0.96484375 0.42105263157894735 0.00546875 0.009210526315789473
2 0.96953125 0.43157894736842106 0.0046875 0.009210526315789473
2 0.95625 0.3960526315789474 0.00546875 0.013157894736842105