1 0.5184236718785322 0.8855263157894737 0.08256845909205772 0.07631578947368421
2 0.5056652591046931 0.9157894736842105 0.011255748746358662 0.018421052631578946
2 0.5246653116911177 0.9302631578947368 0.025636497492717503 0.03684210526315789
2 0.5735574527573446 0.9565789473684211 0.025545569279472248 0.031578947368421054
2 0.44439513849243734 0.8513157894736842 0.01438074874635884 0.018421052631578946
2 0.8764013079301941 0.9855263157894737 0.03800010517284953 0.02894736842105263
2 0.7943245938235715 0.9828947368421053 0.045903533386094965 0.034210526315789476
2 0.6744941639609734 0.7394736842105263 0.07332985141192587 0.08421052631578947
2 0.6327158409205775 0.7631578947368421 0.058903638558944496 0.06315789473684211
2 0.5711729356685857 0.6828947368421052 0.05430706677218957 0.06842105263157895
2 0.5543718805748785 0.7052631578947368 0.05582410266556703 0.06578947368421052
2 0.6352545045523466 0.45789473684210524 0.08275031551854842 0.0868421052631579
2 0.5137599377801567 0.3894736842105263 0.057522994985435005 0.07368421052631578
2 0.4368852007122805 0.4618421052631579 0.036846782132453626 0.05263157894736842
2 0.39966634553943103 0.4328947368421053 0.030460389812585476 0.04473684210526316
2 0.34950722116625166 0.4236842105263158 0.022420569279472245 0.031578947368421054
2 0.4058421377010145 0.3381578947368421 0.017642141066226812 0.02631578947368421
2 0.2847400275136001 0.3828947368421053 0.011210284639736123 0.015789473684210527
2 0.2799388672470434 0.3763157894736842 0.008039820533113407 0.013157894736842105
2 0.2767002069804867 0.36973684210526314 0.00643185642649069 0.010526315789473684
2 0.27346154671392997 0.3631578947368421 0.00486935642649069 0.010526315789473684
2 0.2711405287672413 0.36447368421052634 0.0032159282132454337 0.005263157894736842
2 0.27271138895465574 0.31973684210526315 0.008039820533113407 0.013157894736842105
2 0.272461336368231 0.30526315789473685 0.00643185642649069 0.010526315789473684
2 0.2687596748480331 0.3171052631578947 0.00643185642649069 0.010526315789473684
2 0.266924390208297 0.3013157894736842 0.00643185642649069 0.010526315789473684