2 0.7421875 0.5697368421052632 0.0046875 0.009210526315789473
2 0.73125 0.5644736842105263 0.0078125 0.011842105263157895
2 0.72734375 0.5381578947368421 0.0078125 0.011842105263157895
2 0.73125 0.5421052631578948 0.00625 0.009210526315789473
2 0.734375 0.5473684210526316 0.0046875 0.007894736842105263
2 0.73984375 0.5526315789473685 0.00625 0.009210526315789473
1 0.74140625 0.593421052631579 0.01796875 0.02236842105263158
2 0.5875 0.4368421052631579 0.0265625 0.035526315789473684
2 0.625 0.5605263157894737 0.015625 0.02368421052631579
2 0.615625 0.618421052631579 0.01484375 0.021052631578947368
2 0.33203125 0.4605263157894737 0.0703125 0.06842105263157895
2 0.50859375 0.6 0.04921875 0.05
2 0.3875 0.5763157894736842 0.071875 0.06315789473684211
2 0.3234375 0.31973684210526315 0.06328125 0.060526315789473685
2 0.25625 0.3631578947368421 0.05625 0.060526315789473685
2 0.109375 0.14210526315789473 0.03515625 0.034210526315789476
2 0.1875 0.11578947368421053 0.040625 0.034210526315789476
2 0.27578125 0.12368421052631579 0.040625 0.034210526315789476
2 0.284375 0.09605263157894736 0.034375 0.02894736842105263
2 0.46796875 0.1 0.009375 0.018421052631578946
2 0.4484375 0.09210526315789473 0.021875 0.030263157894736843
2 0.4 0.08157894736842106 0.02109375 0.025