2 0.3900927687381115 0.4856783207217995 0.08284124373179384 0.09768115166670883
2 0.33881611058312583 0.1888415651642998 0.06551735141192579 0.088606899947739
2 0.5109652098834806 0.5551069098437011 0.05913095909205772 0.08028324860495582
2 0.6175250984424249 0.6110268723816018 0.01925010517284953 0.030234111923086678
2 0.7677524189755383 0.6138908191021718 0.008039820533113407 0.01369403786268965
2 0.7532352779093114 0.5885400872550132 0.008039820533113407 0.01369403786268965
2 0.7459539753228868 0.5745489318577496 0.008039820533113407 0.01369403786268965
2 0.7484113855894435 0.5809670362884164 0.006477320533113407 0.013586809237520021
1 0.7346982265765281 0.5568784796023571 0.024164925705962757 0.04371369253543722
2 0.6085004732778228 0.08865845132897028 0.011255748746358662 0.01917165300776545
2 0.6005515809579547 0.08129985761271252 0.008039820533113407 0.013694037862689612
2 0.5743838860516619 0.060700708875377714 0.00799435642649069 0.011062458915321191
2 0.5680202257851052 0.05455067600763467 0.008085284639736123 0.016325616810058032
2 0.5600940655185485 0.04850787176506113 0.008085284639736123 0.016325616810058032
2 0.5513639231986804 0.04120289236138812 0.011210284639736123 0.016540074060397047
2 0.5354434065056329 0.025169915455188395 0.012909176959604095 0.024542039527671797
2 0.5164433539192083 0.01631563008295001 0.02724446159934022 0.03263126016590002
2 0.526000210345699 0.021865918785152774 0.008085284639736123 0.016325616810058032
2 0.4674602846397361 0.00018770872204806392 0.025545569279472248 0.00037541744409612783
2 0.6392336477301443 0.14714742324022345 0.009602320533113407 0.013801266487859128