2 0.0546875 0.13815789473684212 0.03671875 0.03289473684210526
2 0.1109375 0.14078947368421052 0.03203125 0.03289473684210526
2 0.18828125 0.11578947368421053 0.040625 0.035526315789473684
2 0.340625 0.015789473684210527 0.0140625 0.014473684210526316
2 0.4 0.08289473684210526 0.02109375 0.025
2 0.446875 0.09210526315789473 0.02265625 0.031578947368421054
2 0.46796875 0.09868421052631579 0.00859375 0.018421052631578946
2 0.459375 0.09736842105263158 0.0046875 0.015789473684210527
2 0.50859375 0.11973684210526316 0.00625 0.007894736842105263
2 0.48515625 0.10789473684210527 0.00859375 0.011842105263157895
2 0.49375 0.1118421052631579 0.00703125 0.010526315789473684
2 0.5015625 0.11578947368421053 0.00703125 0.011842105263157895
2 0.53671875 0.13026315789473683 0.00546875 0.009210526315789473
2 0.54453125 0.13421052631578947 0.0078125 0.013157894736842105
2 0.55546875 0.1736842105263158 0.01171875 0.015789473684210527
2 0.32421875 0.3263157894736842 0.053125 0.05526315789473684
2 0.3875 0.5763157894736842 0.07421875 0.06447368421052632
2 0.50859375 0.6013157894736842 0.05078125 0.05
2 0.615625 0.618421052631579 0.01640625 0.02368421052631579
2 0.75703125 0.5710526315789474 0.00703125 0.011842105263157895
2 0.73984375 0.5526315789473685 0.00546875 0.009210526315789473
2 0.73515625 0.5473684210526316 0.0046875 0.007894736842105263
2 0.73125 0.5407894736842105 0.00625 0.011842105263157895
1 0.71875 0.5289473684210526 0.01953125 0.03289473684210526