2 0.5333986814130872 0.9481683493142333 0.007903406667727176 0.01377073353352306
2 0.5364509560789055 0.9373968980060873 0.006322725334181811 0.011016586826818447
2 0.5387492527450418 0.9306340989986621 0.007921588001272717 0.01640231248089118
1 0.5463799394095874 0.9037054707282969 0.02845226400381797 0.04957464072068301
2 0.4662919027291334 0.7388425109958268 0.018968176002545432 0.03304976048045534
2 0.45631637137967973 0.5395166336721756 0.04442270934118149 0.10080031831404462
2 0.4477124360279987 0.31243660964182 0.05410679201145392 0.14627256697532484
2 0.5971482673456359 0.10587197876061541 0.04920111600890866 0.1143259163288953
2 0.7683152900222717 0.2161963035192875 0.02062158267027243 0.04633022297663349
2 0.7416271627148159 0.5395164386459542 0.011082950668363623 0.021910605894300703
2 0.764737398710998 0.4903095012032799 0.011064769334818082 0.019279026946932284
2 0.7646555827100434 0.478467395940122 0.006322725334181811 0.011016586826818447
2 0.771304477363135 0.3094335045118622 0.023728401336727066 0.04394377954793745
2 0.7690879966979531 0.3280384087824454 0.009447725334181811 0.011261722345490754
2 0.7707595846992257 0.34370531470731974 0.014189769334818081 0.019524162465604514
2 0.7658362747055891 0.423081670286049 0.007903406667727176 0.01377073353352306
2 0.765745368037862 0.40992377554920684 0.011046588001272539 0.01664744799956386
2 0.767207870703362 0.39532752357934436 0.00793976933481808 0.0190338914282599
2 0.7678709420353165 0.37816097654178155 0.00792158800127254 0.01640231248089148