2 0.6149252566150285 0.6683564201262093 0.0416823858558109 0.09741755773450073
2 0.8286260376322752 0.6971943797347362 0.013300520678164673 0.029805197422408763
2 0.7782771271693585 0.6030964317497745 0.01827911910658777 0.04065319908739088
2 0.7642295897419711 0.5196901201227562 0.021404119106587773 0.04086765633772984
2 0.7570699071531479 0.48722429778132886 0.014571922249740864 0.019386110258104557
2 0.7590326674922301 0.5015907533666857 0.00803082382131759 0.008430879967952658
2 0.7387715173683955 0.41992914571402973 0.006541098428423453 0.0109552302901516
2 0.7414427531003719 0.4316104080394334 0.006541098428423453 0.0109552302901516
2 0.7457128761359012 0.4445002312133517 0.006541098428423453 0.0109552302901516
2 0.7492381364749834 0.458759458173539 0.00981164764263518 0.01643284543522755
2 0.7238528387085138 0.36163006271218107 0.011446922249740865 0.01917165300776545
2 0.7273053244404901 0.3732577107249999 0.006541098428423453 0.0109552302901516
2 0.6981443633156197 0.3660309139748463 0.013082196856846907 0.0219104605803035
2 0.48102329156121665 0.6946833450486813 0.05207623035529281 0.1349030347486758
2 0.4464406222069598 0.49140391671958017 0.035359611248705035 0.09435706428645439
2 0.4194350124059968 0.30737880168247955 0.015008569892376044 0.03517558394231493
2 0.42669308664159916 0.06036111247700667 0.006541098428423453 0.010955230290151694
2 0.4399572200162106 0.08713486242301909 0.006541098428423453 0.010955230290151675
2 0.44735234305174 0.09981022834659843 0.006541098428423453 0.010955230290151675
2 0.4448266565339753 0.09339212391593164 0.006395549214211727 0.005692072395414832
1 0.45730953990858686 0.12021948817452878 0.024529119106587772 0.04108211358806883