2 0.3471073733603198 0.08092982978814547 0.0520405348257091 0.11958907422363214
2 0.3854505783578454 0.23092620190978602 0.04718926051544958 0.11395821305088673
2 0.41746521822650867 0.35371998224173473 0.04513543758467105 0.09804617160734001
2 0.5587829370188442 0.39011858883377815 0.04373671189493056 0.10318676174274066
2 0.21302670171816523 0.3526098116772116 0.015454581637205856 0.04583995193928873
2 0.2164759283124169 0.3879522758276811 0.01471759724103805 0.022155741412973086
2 0.22017413839832517 0.40612819294058766 0.016361984396167806 0.024909888119677696
2 0.2136817989592033 0.373662443256159 0.00978443577564878 0.01389330129285925
2 0.23608242141501196 0.4391743255426833 0.015290807326946255 0.040576794044552035
2 0.564110003390902 0.8381611325627588 0.009866322930778538 0.01652488024022767
2 0.5542027368825586 0.821791275960881 0.011510710085908293 0.019279026946932284
2 0.5975809226582074 0.8315785573159782 0.009866322930778538 0.01652488024022767
2 0.5234928109449909 0.16206165060709254 0.057710680687265994 0.15153572487006173