2 0.7388891796933391 0.277221121233932 0.02162244292790554 0.04896180192400191
2 0.7445249036384911 0.36825573043681487 0.02303939371369381 0.04382121178860126
2 0.7435446004953381 0.3891857942564261 0.00959332382131759 0.008630143398122408
2 0.7439812481379733 0.4049752679406366 0.014571922249740864 0.019524162465604664
2 0.7422218490475959 0.48230042748966456 0.00817637303552914 0.01377073353352306
2 0.7434204760120666 0.46926510051215864 0.00824914764263518 0.01640231248089148
2 0.7429838283694316 0.4534756268279481 0.008176373035529316 0.01377073353352306
2 0.7433284307267964 0.4377474370234057 0.00824914764263518 0.01640231248089148
2 0.7428960911897131 0.5348707225573649 0.006541098428423453 0.011016586826818447
2 0.7432599642252423 0.5480286172942069 0.011446922249740865 0.019279026946932284
2 0.7215861714211715 0.581777700573306 0.011592471463952769 0.024542184841669125
2 0.5666652692304224 0.1665540982933248 0.049931533498446076 0.1142033485695591
2 0.4254838052100678 0.3327255917427603 0.06017982878371626 0.14651770249399723
2 0.44182589681406564 0.5572064927047613 0.04488016046291676 0.10067775055470843
2 0.45736746773989906 0.7527400252457097 0.01806079528527036 0.03292719272111885
2 0.5226928688971909 0.9962168224263067 0.011374147642635179 0.007566355147386467
2 0.5303769363083677 0.9685367546866391 0.008176373035529316 0.01377073353352306
2 0.5353362640586267 0.9505446892127368 0.008176373035529316 0.01377073353352276
2 0.5324295878799442 0.9581942905361697 0.008176373035529316 0.01377073353352276
1 0.540113655291121 0.9259736763704134 0.024601893713693812 0.0439437795479373