2 0.6663718662357722 0.8838934010333703 0.0372476944820761 0.04245739496224192
2 0.6314988992524591 0.9177517955448125 0.027790807326946342 0.039733955544174276
2 0.5768833203287868 0.9920840525862313 0.02721759724103805 0.015831894827537277
2 0.5840329997728574 0.7226092363606276 0.051719630257724705 0.055753080405133014
2 0.254781511758645 0.5325979448583439 0.04053646879233552 0.047751173013878656
2 0.31463786861062143 0.6239462364059751 0.056570904567984304 0.061062168535219626
2 0.20441301956056113 0.5202659170847899 0.0261464201718165 0.03708706651835613
2 0.2016122461548128 0.5557539576781387 0.030833920171816586 0.03713299675370559
1 0.15456018373948383 0.6500008772730057 0.06980788896415206 0.08486885968913438
2 0.12233085990419416 0.593123383374812 0.02285764586155703 0.031793288466719395
2 0.12310878787792681 0.6181233833748119 0.016198210085908292 0.018574153416077807
2 0.1126249892574078 0.607497552075414 0.014799484396167762 0.02382200123236478
2 0.10049680348175904 0.5942248317501978 0.01636198439616776 0.02383731131081465
1 0.06423839891377475 0.5333616942348267 0.02770892017181652 0.037102376596805854
1 0.04450907507848509 0.476606680964232 0.021377033016686774 0.03440955733563795
2 0.4635866236990041 0.4912360977782742 0.07548467887824373 0.06650904737135492