2 0.593890520126388 0.15143412860052302 0.040693599050060314 0.10446928599401155
2 0.7610237884437536 0.24207837079777522 0.018415807326946164 0.040315966606904396
2 0.7434721975342937 0.5078154786028687 0.006741322930778537 0.01609575819198432
2 0.7461468181810801 0.4931886521384555 0.006577548620519025 0.010832600297247478
2 0.7598607581406004 0.33042769335197597 0.0216226944820761 0.04310068780815979
2 0.7573499118040735 0.3503176777111261 0.009620661465389268 0.008354163603766103
2 0.7578002911572872 0.3647913619216524 0.012991322930778537 0.01640204269975811
2 0.75001876865605 0.4416048637204691 0.006577548620519025 0.010832600297247478
2 0.7523248971047525 0.415135931992898 0.008221935775648781 0.013540750371559421
2 0.754177324173974 0.3992316016182723 0.009866322930778538 0.016248900445871364
2 0.7504315264579662 0.4297244728938394 0.009784435775648604 0.013617321498502944
2 0.7205260204650722 0.5247535191912311 0.009948210085908116 0.018880479393239787
2 0.4447403691764483 0.2615313924248791 0.049570632066746965 0.13906266794451827
2 0.4415445273624773 0.4857133152763274 0.03880355042954129 0.09386639907759442
2 0.44365698326451397 0.6793257957252651 0.016525758706427317 0.029713079690487264
2 0.48901815015697014 0.9301196676259903 0.009702548620519025 0.010985742551134523
2 0.49897300429541314 0.898004722368965 0.006577548620519025 0.010832600297247478
1 0.5110259469684669 0.8578801835794192 0.024665807326946166 0.040622251114678265
2 0.5047316813646346 0.8819089641769805 0.006577548620519025 0.010832600297247776
2 0.501811399252459 0.8886410537992887 0.006495661465389269 0.008201021349879056