11 0.41262036803786184 0.457702034181071 0.21168402936027153 0.3403657334220557
11 0.599619286680454 0.16457588380295085 0.3179885733609078 0.3291517676059017
8 0.6266545013526355 0.2210999316545078 0.060284066677272284 0.1333244538612428
2 0.3083243140515431 0.6305394470301623 0.06313634667409058 0.0939426384134965
2 0.23194362738699753 0.6591060211919588 0.06967724801081765 0.13623163909695138
2 0.17761975405790645 0.7133453034879789 0.06175566000954502 0.12021249350579075
2 0.17959987738699754 0.6606448229685253 0.05852157200827235 0.1043311510588
2 0.4999187313414996 0.09527541832089312 0.17796246268299926 0.19055083664178624
8 0.10322663936186231 0.35098460082139465 0.06673406134627213 0.16245555980785567
8 0.15915901336727117 0.41645919343994275 0.04762043467536321 0.10927276828380666
8 0.09037265070018027 0.41321714832636797 0.05576019867918123 0.1568708612433885