11 0.53984375 0.5578947368421052 0.15703125 0.24210526315789474
11 0.33359375 0.7723684210526316 0.25234375 0.2618421052631579
8 0.3234375 0.6776315789473685 0.0390625 0.10526315789473684
2 0.65234375 0.45 0.04765625 0.06578947368421052
2 0.72265625 0.45394736842105265 0.04765625 0.10263157894736842
2 0.7765625 0.42894736842105263 0.0421875 0.09078947368421053
2 0.76796875 0.47368421052631576 0.0421875 0.07763157894736843
2 0.4109375 0.8881578947368421 0.1375 0.2236842105263158
8 0.7921875 0.7697368421052632 0.03984375 0.13157894736842105
8 0.753125 0.6921052631578948 0.03046875 0.0868421052631579
8 0.81171875 0.7210526315789474 0.03046875 0.12894736842105264