11 0.5399901160567344 0.5060327396489276 0.2033135168750409 0.32790363207806106
11 0.2920213528098904 0.31865953581262246 0.3075297909216581 0.3896376147956419
8 0.2934499327542901 0.4251695255767237 0.05730655771188111 0.13114282177606953
2 0.6752480589778255 0.5980876478823487 0.06112103847458741 0.08945130424409357
2 0.7496751401033515 0.5770759989496802 0.06668155771188111 0.13197031302790707
2 0.8116121449126747 0.5930499654804174 0.058596239200226566 0.11812284224786702
2 0.7966220619730503 0.547071886497398 0.0567063569862416 0.10219545335501691
2 0.3593874128840242 0.18276045704350893 0.1758234339354164 0.280822231425925
8 0.7820163810328589 0.2187507315068317 0.06097719473518968 0.15773444166703293
8 0.7496329561679349 0.3117692284957082 0.04431548439090349 0.10635528958063711
8 0.8095337458236488 0.26714792163265194 0.04998513103285873 0.15413745625918746