1 0.35721875000000003 0.6946666666666667 0.130375 0.110625
1 0.3335 0.6738333333333333 0.10021875 0.07470833333333333
1 0.3254375 0.6400833333333333 0.10128124999999999 0.07616666666666667
1 0.30928125 0.6235833333333333 0.08837500000000001 0.07470833333333333
1 0.30009375 0.5955416666666667 0.09159375 0.06754166666666667
1 0.29878125 0.5349166666666666 0.05659375 0.039375
1 0.288 0.5214583333333334 0.050124999999999996 0.043333333333333335
1 0.20237500000000003 0.8958333333333334 0.20534375 0.1885
1 0.9300625 0.8174583333333333 0.139875 0.15475
1 0.3668125 0.5247916666666667 0.0371875 0.041666666666666664
1 0.43228125000000006 0.48512500000000003 0.03421875 0.033749999999999995
1 0.78275 0.483125 0.0714375 0.045625