1 0.35721875000000003 0.6946666666666667 0.130375 0.110625
1 0.3335 0.6738333333333333 0.10021875 0.07470833333333333
1 0.3254375 0.6400833333333333 0.10128124999999999 0.07616666666666667
1 0.30928125 0.6235833333333333 0.08837500000000001 0.07470833333333333
1 0.30009375 0.5955416666666667 0.09159375 0.06754166666666667
1 0.29803125 0.5359166666666667 0.055125 0.037375000000000005
1 0.2895 0.5214583333333334 0.053125 0.043333333333333335
2 0.2090625 0.6657083333333333 0.025312499999999998 0.06545833333333334
1 0.16218749999999998 0.918625 0.23809375 0.16270833333333332
2 0.7738125 0.5674583333333333 0.02378125 0.06745833333333334
1 0.90253125 0.47520833333333334 0.0550625 0.045625