1 0.34996875 0.651 0.11168750000000001 0.07416666666666667
1 0.30259375 0.6235833333333333 0.10178125 0.07470833333333333
1 0.288 0.5214583333333334 0.050124999999999996 0.043333333333333335
1 0.29984375 0.5347083333333333 0.0550625 0.045625
1 0.31175 0.5426666666666667 0.05209375000000001 0.03770833333333334
1 0.35640625 0.6944583333333333 0.13840625 0.107125
1 0.295375 0.5942500000000001 0.07290624999999999 0.06945833333333334
2 0.20834375 0.7420833333333333 0.02975 0.08729166666666667
2 0.1808125 0.7410833333333334 0.02828125 0.08929166666666667
2 0.42212500000000003 0.5505 0.01059375 0.03883333333333334
2 0.35859375 0.5497916666666666 0.01059375 0.043083333333333335
1 0.39434375 0.5490833333333334 0.0355 0.043083333333333335
1 0.4006875 0.5148333333333334 0.04184375 0.0325
1 0.3495625 0.506 0.038125 0.024708333333333332
1 0.7433125 0.4454166666666667 0.03421875 0.033749999999999995
1 0.3214375 0.640875 0.10415624999999999 0.06745833333333334