1 0.35721875000000003 0.6946666666666667 0.130375 0.110625
1 0.3335 0.6738333333333333 0.10021875 0.07470833333333333
1 0.3254375 0.6400833333333333 0.10128124999999999 0.07616666666666667
1 0.30928125 0.6235833333333333 0.08837500000000001 0.07470833333333333
1 0.30009375 0.5955416666666667 0.09159375 0.06754166666666667
1 0.288 0.5214583333333334 0.050124999999999996 0.043333333333333335
1 0.29984375 0.5347083333333333 0.0550625 0.045625
2 0.0558125 0.6954166666666667 0.025312499999999998 0.077375
2 0.03571875 0.6914583333333333 0.0238125 0.08133333333333333
1 0.25968749999999996 0.502 0.03125 0.05558333333333333
2 0.9605625 0.47716666666666663 0.01340625 0.041666666666666664