2 0.34996875 0.651 0.11168750000000001 0.07416666666666667
2 0.30259375 0.6235833333333333 0.10178125 0.07470833333333333
2 0.288 0.5214583333333334 0.050124999999999996 0.043333333333333335
2 0.29984375 0.5347083333333333 0.0550625 0.045625
2 0.6339375 0.5724583333333333 0.09521874999999999 0.05358333333333333
2 0.31175 0.5426666666666667 0.05209375000000001 0.03770833333333334
2 0.35640625 0.6944583333333333 0.13840625 0.107125
2 0.295375 0.5942500000000001 0.07290624999999999 0.06945833333333334
2 0.53571875 0.640875 0.0684375 0.08333333333333333
2 0.96578125 0.483125 0.047625 0.041666666666666664
3 0.2276875 0.5853333333333333 0.0238125 0.051583333333333335
2 0.32515625 0.6388750000000001 0.0996875 0.0635