1 0.34103125 0.6718333333333334 0.11168750000000001 0.08008333333333333
1 0.30853125000000003 0.6215833333333334 0.10178125 0.07470833333333333
1 0.288 0.5214583333333334 0.050124999999999996 0.043333333333333335
1 0.29984375 0.5347083333333333 0.0550625 0.045625
1 0.35640625 0.6905 0.13840625 0.107125
1 0.295375 0.5932083333333333 0.0878125 0.06745833333333334
1 0.32590625 0.6349166666666667 0.10715625 0.07141666666666667
1 0.3355625 0.5089583333333334 0.03421875 0.025791666666666668
2 0.22618749999999999 0.59625 0.01784375 0.0615
1 0.49478125000000006 0.5992083333333333 0.06696875 0.07141666666666667
1 0.44418749999999996 0.5714166666666666 0.046125 0.051583333333333335