1 0.35721875000000003 0.6946666666666667 0.130375 0.110625
1 0.3335 0.6738333333333333 0.10021875 0.07470833333333333
1 0.3254375 0.6400833333333333 0.10128124999999999 0.07616666666666667
1 0.30928125 0.6235833333333333 0.08837500000000001 0.07470833333333333
1 0.30009375 0.5955416666666667 0.09159375 0.06754166666666667
1 0.304 0.5468333333333334 0.067 0.039375
1 0.288 0.5214583333333334 0.050124999999999996 0.043333333333333335
2 0.204625 0.7093333333333334 0.025312499999999998 0.073375
2 0.22990624999999998 0.7132916666666667 0.02828125 0.07341666666666667
0 0.8511875 0.45337500000000003 0.09821875 0.0615
1 0.29984375 0.5347083333333333 0.0550625 0.045625