0 0.355375 0.8082083333333333 0.0128125 0.052333333333333336
0 0.21534375 0.8333333333333334 0.0164375 0.07266666666666667
0 0.15565625 0.8285416666666666 0.014812500000000001 0.06408333333333334
0 0.16965625 0.8352083333333333 0.011625 0.052875
0 0.37078125 0.853375 0.019625 0.07958333333333334
0 0.40043749999999995 0.8515 0.019625 0.06945833333333334
0 0.4285 0.8226666666666667 0.0108125 0.04595833333333333
0 0.44290624999999995 0.8247916666666666 0.01403125 0.057708333333333334
0 0.454125 0.8242499999999999 0.009218750000000001 0.0545
0 0.46775 0.8245 0.019625 0.05395833333333333
0 0.50159375 0.8125 0.017625 0.057708333333333334
0 0.517625 0.818625 0.013625000000000002 0.05395833333333333
0 0.7411875 0.8856666666666667 0.025656250000000002 0.09508333333333334
0 0.7175625 0.887 0.01921875 0.095625
0 0.6800937499999999 0.8897083333333333 0.028437499999999998 0.09029166666666667
0 0.6514375 0.888375 0.02403125 0.06304166666666668
0 0.62840625 0.8765833333333333 0.015625 0.080125