0 0.3409375 0.8469583333333334 0.02003125 0.09029166666666667
0 0.3193125 0.8349166666666666 0.0144375 0.056625
0 0.367 0.8354583333333333 0.0168125 0.078
0 0.38340625 0.7847083333333333 0.009625 0.04058333333333333
0 0.363375 0.7857916666666667 0.01121875 0.041666666666666664
0 0.4074375 0.8386666666666667 0.01603125 0.056625
0 0.4483125 0.8640416666666667 0.01203125 0.0625
0 0.46353125000000006 0.8602916666666667 0.01203125 0.052875
0 0.48178124999999994 0.849625 0.017218749999999998 0.072125
0 0.6402187500000001 0.8840833333333333 0.021625 0.09295833333333332
0 0.675875 0.873125 0.02403125 0.09454166666666668
0 0.8129062499999999 0.8736666666666667 0.02803125 0.09775
0 0.1640625 0.8115 0.01190625 0.042666666666666665