0 0.421875 0.8054166666666667 0.013968749999999999 0.05408333333333334
0 0.45943750000000005 0.831125 0.0199375 0.07179166666666667
0 0.2260625 0.8337916666666667 0.014624999999999999 0.06470833333333333
0 0.26296875000000003 0.8967083333333333 0.020624999999999998 0.07179166666666667
0 0.6875 0.8958333333333334 0.029249999999999998 0.07358333333333333
0 0.72471875 0.9020416666666667 0.0199375 0.06116666666666667
0 0.74303125 0.8780833333333333 0.020624999999999998 0.09129166666666667
0 0.82346875 0.8945000000000001 0.02859375 0.07979166666666666
0 0.7573125 0.8404166666666666 0.014624999999999999 0.06029166666666667
0 0.708125 0.8306666666666668 0.0199375 0.06204166666666667
0 0.6835 0.828 0.01596875 0.058499999999999996
0 0.66590625 0.8382083333333333 0.01528125 0.06470833333333333