0 0.8321875000000001 0.8580416666666667 0.01853125 0.07716666666666666
0 0.81309375 0.8580416666666667 0.017374999999999998 0.06791666666666667
0 0.79746875 0.8587916666666667 0.01621875 0.06016666666666667
0 0.739 0.8294583333333333 0.012718750000000001 0.06016666666666667
0 0.7274375 0.8225416666666666 0.017374999999999998 0.058625000000000003
0 0.5040625000000001 0.8642083333333334 0.022 0.07716666666666666
0 0.4774375 0.8611249999999999 0.0196875 0.07716666666666666
0 0.45371875 0.8634166666666666 0.02084375 0.08179166666666667
0 0.442125 0.8695833333333333 0.02084375 0.075625
0 0.42246875 0.8788750000000001 0.0115625 0.04475
0 0.40449999999999997 0.8726666666666667 0.01503125 0.04783333333333333
0 0.38715625 0.8472083333333333 0.017374999999999998 0.071
0 0.397 0.8456666666666667 0.03240625 0.0895
0 0.36228125 0.8472083333333333 0.01853125 0.07716666666666666
0 0.35878125 0.790875 0.0115625 0.0355