0 0.24234375 0.8302916666666668 0.016468749999999997 0.06816666666666667
0 0.25853125 0.8314583333333334 0.02046875 0.06895833333333333
0 0.3599375 0.8401666666666666 0.01875 0.063625
0 0.33665625 0.8155416666666666 0.017625 0.050749999999999997
0 0.48862500000000003 0.8552916666666667 0.0193125 0.06516666666666666
0 0.40737500000000004 0.9037916666666667 0.02046875 0.062125
0 0.81734375 0.8655416666666667 0.01875 0.08104166666666666
0 0.68465625 0.9052916666666667 0.02840625 0.057583333333333334
0 0.65425 0.9060416666666666 0.02215625 0.05454166666666667
0 0.63325 0.9056666666666667 0.01875 0.05983333333333333
0 0.68209375 0.8606250000000001 0.019875 0.05304166666666667
0 0.6639062499999999 0.8409166666666666 0.016468749999999997 0.08029166666666666
0 0.6445937500000001 0.8447083333333333 0.017625 0.06970833333333333
0 0.51109375 0.8473333333333334 0.02784375 0.07195833333333333
0 0.76390625 0.8473333333333334 0.01875 0.0765
0 0.7818125 0.8666666666666667 0.011375 0.037875
0 0.39203125 0.7901666666666666 0.014781250000000001 0.0515