0 0.388375 0.7921250000000001 0.014249999999999999 0.045375000000000006
0 0.365625 0.7900416666666668 0.0118125 0.04675
0 0.37309375 0.87825 0.025343749999999998 0.08516666666666667
0 0.383 0.8715416666666667 0.02084375 0.08195833333333334
0 0.4140625 0.8731666666666666 0.0211875 0.079625
0 0.508 0.8120416666666667 0.013875000000000002 0.06204166666666667
0 0.6569375 0.8949166666666667 0.02084375 0.075
0 0.80884375 0.8849583333333333 0.024656249999999998 0.08841666666666666
0 0.78559375 0.8796250000000001 0.01909375 0.07591666666666666
0 0.8748125 0.8807916666666666 0.0211875 0.07733333333333332
0 0.638375 0.811125 0.0163125 0.06016666666666667
0 0.207625 0.8266249999999999 0.01875 0.058791666666666666
0 0.49553125 0.8194583333333333 0.01190625 0.03966666666666666