0 0.6965 0.830875 0.018 0.06566666666666666
0 0.63796875 0.86475 0.02384375 0.08120833333333333
0 0.5 0.881375 0.018 0.074875
0 0.42584375 0.8781666666666667 0.01378125 0.041666666666666664
0 0.39140625 0.8707499999999999 0.02859375 0.057916666666666665
0 0.35990625 0.8700416666666667 0.021718750000000002 0.08191666666666667
0 0.2624375 0.8721666666666666 0.02065625 0.07629166666666666
0 0.238625 0.8682916666666666 0.017468749999999998 0.07695833333333332
0 0.22590625000000003 0.8598333333333333 0.01853125 0.07558333333333334
0 0.20815625 0.8615833333333334 0.01484375 0.07345833333333333
0 0.29740625 0.8364999999999999 0.017468749999999998 0.051541666666666666
0 0.3294375 0.8305 0.01484375 0.06495833333333333
0 0.34587500000000004 0.828375 0.01059375 0.0565
0 0.3093125 0.8379166666666666 0.01484375 0.050124999999999996
0 0.40440624999999997 0.8100416666666667 0.015375 0.04520833333333333
0 0.4465 0.8361666666666667 0.01378125 0.05508333333333334
0 0.46503125 0.8357916666666667 0.015875 0.058625000000000003
0 0.51403125 0.8301666666666667 0.017468749999999998 0.051541666666666666
0 0.18156250000000002 0.8521666666666667 0.015625 0.0625