0 0.73275 0.883625 0.021562500000000002 0.08045833333333333
0 0.7085 0.8879166666666667 0.024781249999999998 0.07758333333333334
0 0.41003125 0.8584583333333333 0.01615625 0.05604166666666666
0 0.442875 0.8340416666666666 0.021562500000000002 0.06754166666666667
0 0.37553125 0.84125 0.02046875 0.06754166666666667
0 0.35615625 0.847 0.01615625 0.058916666666666666
0 0.3114375 0.8541666666666666 0.021562500000000002 0.06754166666666667
0 0.27531249999999996 0.89225 0.022625 0.07758333333333334
0 0.244625 0.8987083333333333 0.021562500000000002 0.06179166666666667
0 0.25321875 0.84125 0.01940625 0.04454166666666667
0 0.27478125000000003 0.8419583333333333 0.017249999999999998 0.04595833333333333
0 0.22521874999999997 0.8455416666666667 0.017249999999999998 0.058916666666666666