0 0.43634375 0.8523333333333334 0.01609375 0.057583333333333334
0 0.419125 0.849875 0.01653125 0.0625
0 0.39637500000000003 0.8514166666666667 0.0206875 0.06558333333333334
0 0.3148125 0.8483333333333333 0.012875000000000001 0.06925
0 0.3003125 0.8422083333333333 0.0133125 0.063125
0 0.28859375 0.8333333333333334 0.01471875 0.06862499999999999
0 0.45128124999999997 0.8127916666666667 0.01378125 0.058208333333333334
0 0.6905 0.8863333333333333 0.01884375 0.059416666666666666
0 0.7208125 0.8762083333333333 0.021593750000000002 0.08579166666666667
0 0.66153125 0.8195416666666666 0.01609375 0.06433333333333333
0 0.53659375 0.8074166666666667 0.01065625 0.039625
0 0.5034375 0.8043750000000001 0.012968750000000001 0.055875
0 0.35415625 0.8039166666666666 0.0073437500000000005 0.044125
0 0.3655 0.803125 0.01040625 0.049
0 0.375 0.8035 0.0098125 0.041666666666666664
0 0.385125 0.801875 0.01165625 0.04491666666666667
0 0.20406249999999998 0.8507083333333333 0.01303125 0.03870833333333333