0 0.3714375 0.8352083333333333 0.01278125 0.07008333333333333
0 0.3874375 0.8195833333333333 0.01775 0.06154166666666667
0 0.5074687499999999 0.8537083333333333 0.02059375 0.082375
0 0.7056250000000001 0.908125 0.02484375 0.05304166666666667
0 0.7311875 0.9095833333333334 0.0234375 0.050208333333333334
0 0.7151875000000001 0.8679166666666667 0.02415625 0.06345833333333334
0 0.74146875 0.8674166666666667 0.019875 0.07008333333333333
0 0.841625 0.893 0.01703125 0.07008333333333333
0 0.8824687499999999 0.8787916666666666 0.03053125 0.08145833333333334
0 0.27203125 0.837125 0.0213125 0.06816666666666667
0 0.24253125 0.8309583333333334 0.01634375 0.07479166666666666
0 0.22728125000000002 0.8323750000000001 0.01846875 0.07195833333333333