0 0.36731250000000004 0.8250833333333334 0.014374999999999999 0.05358333333333333
0 0.33084375 0.8485416666666666 0.02084375 0.07275000000000001
0 0.42634375 0.8971666666666667 0.02134375 0.07075000000000001
0 0.421375 0.840625 0.016375 0.06879166666666667
0 0.45115625000000004 0.8439166666666666 0.017374999999999998 0.066125
0 0.40303125 0.8432499999999999 0.016375 0.07141666666666667
0 0.38690625 0.8452500000000001 0.014875 0.07141666666666667
0 0.4930625 0.8415833333333332 0.01884375 0.06945833333333334
0 0.51784375 0.8630833333333333 0.021812500000000002 0.079375
0 0.65403125 0.8409583333333334 0.017374999999999998 0.06016666666666667
0 0.72 0.86575 0.0233125 0.08729166666666667
0 0.74678125 0.8594583333333333 0.0223125 0.086625
0 0.22693750000000001 0.8941666666666667 0.02134375 0.09258333333333332
0 0.172625 0.88525 0.016875 0.090625
0 0.186 0.88525 0.01784375 0.084