0 0.32984375 0.8522916666666667 0.02103125 0.07879166666666666
0 0.226125 0.8299166666666667 0.014781250000000001 0.064375
0 0.24318749999999997 0.8268749999999999 0.0193125 0.0765
0 0.35368750000000004 0.848125 0.02103125 0.09925
0 0.35825 0.7985 0.016468749999999997 0.04545833333333334
0 0.375 0.8181666666666667 0.013625000000000002 0.05304166666666667
0 0.4099375 0.8534166666666666 0.019875 0.08104166666666666
0 0.42584375 0.839375 0.02215625 0.07575
0 0.45199999999999996 0.8598333333333333 0.0244375 0.07575
0 0.8139062499999999 0.8965833333333334 0.0255625 0.0735
0 0.748 0.8276666666666667 0.01875 0.07045833333333333