0 0.84590625 0.8642083333333334 0.021562500000000002 0.07904166666666666
0 0.73384375 0.8987083333333333 0.021562500000000002 0.07041666666666666
0 0.639 0.8167916666666667 0.01509375 0.05604166666666666
0 0.494625 0.8620833333333333 0.01940625 0.06608333333333333
0 0.47953124999999996 0.8355 0.0129375 0.06754166666666667
0 0.4676875 0.8649583333333334 0.017249999999999998 0.07183333333333333
0 0.45581250000000006 0.8534583333333334 0.01940625 0.04595833333333333
0 0.42725 0.8728333333333332 0.014000000000000002 0.041666666666666664
0 0.389 0.8484166666666667 0.021562500000000002 0.07041666666666666
0 0.32975 0.843375 0.017249999999999998 0.06320833333333334
0 0.31034375000000003 0.8390833333333333 0.01509375 0.060333333333333336
0 0.217125 0.8189583333333333 0.022625 0.06320833333333334