0 0.39684375 0.8667083333333333 0.021593750000000002 0.07783333333333334
0 0.372 0.8507916666666666 0.01884375 0.074125
0 0.353875 0.834875 0.015625 0.075375
0 0.33434375 0.8364166666666667 0.017937500000000002 0.06370833333333333
0 0.29275 0.863375 0.01653125 0.06616666666666667
0 0.5289375 0.8201666666666667 0.018375 0.059416666666666666
0 0.65740625 0.8455833333333334 0.01609375 0.07108333333333333
0 0.6898125 0.8440416666666667 0.021124999999999998 0.07291666666666667
0 0.785625 0.8903333333333333 0.017937500000000002 0.08579166666666667
0 0.80078125 0.8894166666666667 0.01515625 0.09008333333333333
0 0.8389374999999999 0.9087083333333333 0.017 0.051458333333333335