0 0.48075 0.853875 0.02396875 0.07304166666666667
0 0.368375 0.8410416666666667 0.0166875 0.065625
0 0.34975 0.8433333333333334 0.01628125 0.065625
0 0.33240625 0.8464583333333333 0.01496875 0.061625
0 0.186 0.8265 0.01584375 0.0605
0 0.7465625 0.8684166666666666 0.025687500000000002 0.081625
0 0.7846875 0.85875 0.021406249999999998 0.07933333333333333
0 0.8351875 0.8695833333333333 0.01628125 0.07362500000000001
0 0.8488749999999999 0.8641666666666666 0.011125 0.06508333333333333
0 0.3225625 0.8401666666666666 0.01240625 0.04908333333333333
0 0.17075 0.827125 0.01340625 0.05308333333333334
0 0.1575625 0.827125 0.01228125 0.052083333333333336
0 0.22340624999999997 0.8348333333333334 0.013750000000000002 0.059541666666666666
0 0.209625 0.8333333333333334 0.010781250000000001 0.05458333333333333
0 0.19884375 0.8325833333333333 0.01003125 0.05408333333333334